0.627
0.6269
0.6269
0.627
0.6268
0.6269
0.6269
0.6269
0.627
0.6269
0.6268
0.627
0.6269
0.6269
0.6269
0.627
0.6268
0.6269
0.6269
0.6268
0.6269
0.6268
0.6269
0.6268
0.6268
0.6268
0.6268
0.6268
0.6269
0.6268
0.6269
0.6268
0.6267
0.6269
0.6268
0.6269
0.6268
0.627
0.6269
0.6268
0.6269
0.6268
0.6268
0.6267
0.6268
0.6269
0.6268
0.6268
0.6268
0.6267
0.6268
0.6268
0.6268
0.6268
0.6265
0.6265
0.6269
0.6266
0.6266
0.6268
0.6268
0.6268
0.6268
0.6268
0.6267
0.6267
0.6267
0.6267
0.6268
0.6266
0.6267
0.6267
0.6266
0.6266
0.6267
0.6265
0.6267
0.6266
0.6265
0.6266
0.6265
0.6265
0.6266
0.6264
0.6265
0.6265
0.6264
0.6264
0.6264
0.6264
0.6265
0.6265
0.6265
0.6266
0.6265
0.6266
0.6266
0.6266
0.6267
0.6266
0.6266
0.6267
0.6266
0.6266
0.6266
0.6267
0.6266
0.6266
0.6267
0.6267
0.6267
0.6267
0.6268
0.6269
0.6269
0.6269
0.6269
0.6268
0.6269
0.6268
0.6269
0.6268
0.6268
0.6268
0.6268
0.6268
0.6269
0.6268
0.6268
0.6267
0.6267
0.6267
0.6267
0.6268
0.6268
0.6267
0.6267
0.6267
0.6267
0.6267
0.6267
0.6267
0.6269
0.6268
0.6268
0.6269
0.6268
0.6269
0.6269
0.6268
0.6268
0.6268
0.627
0.627
0.627
0.627
0.627
0.627
0.627
0.627
0.6268
0.6268
0.6268
0.6269
0.6267
0.6267
0.6268
0.6268
0.6268
0.6268
0.6267
0.6268
0.6268
0.6268
0.6269
0.6268
0.6269
0.6268
0.6269
0.6269
0.6268
0.6269
0.627
0.6269
0.6271
0.627
0.627
0.627
0.627
0.627
0.627
0.6269
0.6271
0.6269
0.6269
0.627
0.627
0.6269
0.627
0.6269
0.6269
0.627
0.6269
0.6268
0.6268
0.6269
0.6266
0.6267
0.6267
0.6267
0.6267
0.6267
0.6268
0.6268
0.6269
0.6268
0.627
0.627
0.6268
0.6269
0.6267
0.6268
0.627
0.6269
0.627
0.627
0.6268
0.6269
0.6268
0.6268
0.6268
0.6269
0.6267
0.6269
0.6268
0.6269
0.6268
0.627
0.6269
0.627
0.627
0.6269
0.627
0.627
0.627
0.6271
0.627
0.627
0.627
0.6269
0.6271
0.627
0.627
0.627
0.627
0.627
0.6269
0.627
0.627
0.627
0.6271
0.6271
0.6271
0.6276
0.6276
0.6274
0.6275
0.6274
0.6275
0.6275
0.6275
0.6275
0.6275
0.6276
0.6275
0.6274
0.6275
0.6276
0.6276
0.6275
0.6276
0.6275
0.6276
0.6277
0.6275
0.6276
0.6275
0.6276
0.6275
0.6275
0.6275
0.6275
0.6276
0.6275
0.6275
0.6276
0.6275
0.6276
0.6275
0.6275
0.6275
0.6273
0.6274
0.6274
0.6276
0.6276
0.6276
0.6276
0.6276
0.6276
0.6277
0.6277
0.6278
0.6278
0.6278
0.6279
0.6278
0.6278
0.6279
0.6278
0.6278
0.6279
0.628
0.6282
0.6281
0.6282
0.6284
0.6282
0.6282
0.6281
0.6281
0.6281
0.6282
0.6281
0.6282
0.6281
0.6281
0.6281
0.6281
0.628
0.6281
0.6281
0.628
0.628
0.6279
0.6279
0.6279
0.628
0.628
0.6281
0.628
0.6281
0.628
0.628
0.6281
0.628
0.628
0.6279
0.6281
0.628
0.628
0.6281
0.628
0.6281
0.6281
0.6282
0.6282
0.628
0.628
0.6281
0.6282
0.6282
0.6283
0.6282
0.6283
0.6284
0.6282
0.6283
0.6283
0.6282
0.6282
0.6282
0.6283
0.6282
0.6283
0.6281
0.6282
0.6281
0.6282
0.6282
0.6282
0.6281
0.6282
0.6282
0.6282
0.6282
0.6281
0.6281
0.6281
0.6282
0.6281
0.6282
0.6281
0.6281
0.6281
0.6281
0.6281
0.628
0.6281
0.6281
0.628
0.628
0.628
0.6279
0.628
0.628
0.628
0.628
0.628
0.628
0.6279
0.6279
0.6279
0.6279
0.6277
0.628
0.6279
0.6279
0.6278
0.6279
0.6277
0.6278
0.6277
0.6278
0.6277
0.6279
0.6277
0.6278
0.6277
0.628
0.628
0.628
0.628
0.6279
0.6278
0.628
0.628
0.6281
0.6281
0.6281
0.6281
0.6281
0.6281
0.6281
0.6282
0.6281
0.6282
0.6281
0.6282
0.6281
0.6281
0.6281
0.628
0.6281
0.628
0.628
0.6279
0.6278
0.6277
0.6279
0.6279
0.6278
0.6278
0.6278
0.6276
0.6277
0.6279
0.6277
0.6278
0.6278
0.628
0.6278
0.6277
0.6277
0.6276
0.6277
0.6278
0.6277
0.6278
0.6277
0.6278
0.6277
0.6277
0.6277
0.6276
0.6275
0.6277
0.6275
0.6275
0.6275
0.6273
0.6276
0.6274
0.6275
0.6276
0.6277
0.6276
0.6276
0.6275
0.6276
0.6275
0.6276
0.6273
0.627
0.6269
0.627
0.6268
0.627
0.6269
0.627
0.627
0.6271
0.6272
0.627
0.6269
0.6269
0.6269
0.6271
0.6272
0.6273
0.6273
0.6272
0.6271
0.6273
0.6272
0.6271
0.6274
0.6273
0.6274
0.6272
0.6273
0.6274
0.6273
0.6273
0.6273
0.6274
0.6273
0.6273
0.6274
0.6274
0.6274
0.6273
0.6274
0.6273
0.6275
0.6274
0.6275
0.6274
0.6275
0.6276
0.6274
0.6273
0.627
0.627
0.6269
0.627
0.627
0.627
0.6272
0.6272
0.6272
0.6271
0.6272
0.6272
0.6273
0.6272
0.6272
0.6272
0.6273
0.6273
0.6273
0.6275
0.6275
0.6275
0.6277
0.6278
0.6276
0.6276
0.6278
0.6278
0.6276
0.6277
0.6276
0.6275
0.6276
0.6276
0.6275
0.6273
0.6274
0.6273
0.6273
0.6274
0.6272
0.6271
0.6271
0.627
0.6269
0.6265
0.6264
0.6264
0.6264
0.6264
0.6266
0.6265
0.6264
0.6267
0.6267
0.6267
0.6268
0.6267
0.6266
0.627
0.6271
0.6268
0.6269
0.6274
0.6274
0.6272
0.6273
0.6272
0.6273
0.6272
0.6272
0.6274
0.6273
0.6271
0.6272
0.6272
0.6271
0.6269
0.6271
0.6271
0.6272
0.6271
0.6271
0.6267
0.6267
0.6269
0.6269
0.6269
0.6269
0.627
0.627
0.627
0.6268
0.6266
0.6269
0.627
0.627
0.6269
0.627
0.6271
0.6271
0.627
0.6271
0.6269
0.6268
0.6267
0.6268
0.6268
0.6266
0.6268
0.6267
0.6268
0.6269
0.6269
0.6268
0.627
0.627
0.6269
0.6269
0.6269
0.6269
0.6271
0.627
0.6271
0.6269
0.6268
0.627
0.627
0.6269
0.6271
0.627
0.627
0.6271
0.627
0.6272
0.6272
0.6273
0.6273
0.6272
0.6273
0.6272
0.6274
0.6273
0.6275
0.6275
0.6276
0.6277
0.6276
0.6278
0.6279
0.6284
0.6283
0.6283
0.6289
0.6289
0.6287
0.6288
0.6287
0.6287
0.6286
0.6286
0.6283
0.6286
0.6284
0.6282
0.6283
0.6282
0.6283
0.6283
0.6284
0.6281
0.6282
0.6282
0.6283
0.6283
0.628
0.6279
0.6279
0.6278
0.6279
0.6279
0.6277
0.628
0.6282
0.6281
0.628
0.6282
0.6282
0.6281
0.6282
0.6281
0.6282
0.628
0.628
0.6279
0.6279
0.6279
0.6279
0.6278
0.6278
0.6279
0.6278
0.6279
0.6279
0.6278
0.628
0.6279
0.6279
0.628
0.628
0.6279
0.6277
0.6278
0.6277
0.6277
0.6277
0.6277
0.6277
0.6277
0.6277
0.6276
0.6276
0.6278
0.6277
0.6277
0.6278
0.6276
0.6277
0.6277
0.6278
0.6277
0.6277
0.6276
0.6276
0.6275
0.6278
0.6277
0.6278
0.6278
0.6278
0.6277
0.6277
0.6275
0.6275
0.6276
0.6277
0.6278
0.6278
0.6277
0.6277
0.6277
0.6278
0.6275
0.6277
0.6277
0.6279
0.628
0.628
0.6279
0.628
0.6281
0.628
0.628
0.6281
0.6281
0.6282
0.6287
0.6285
0.6286
0.6285
0.6283
0.6284
0.6283
0.6287
0.6286
0.6286
0.6285
0.6287
0.6286
0.6286
0.6285
0.6286
0.6288
0.6287
0.6287
0.6296
0.6296
0.6292
0.6293
0.6295
0.6294
0.6294
0.6297
0.6295
0.629
0.6291
0.6292
0.6288
0.6288
0.6286
0.6287
0.6286
0.6288
0.6288
0.6287
0.6289
0.6288
0.6288
0.6289
0.628
0.6277
0.6278
0.6274
0.6276
0.6277
0.6279
0.6277
0.6278
0.6276
0.6278
0.6279
0.628
0.628
0.6281
0.6281
0.6281
0.6283
0.6282
0.6284
0.6283
0.6282
0.6282
0.6287
0.6287
0.6288
0.6288
0.6288
0.6288
0.6285
0.6287
0.6287
0.6283
0.6283
0.6281
0.6277
0.6277
0.6279
0.6279
0.6281
0.6279
0.628
0.628
0.6285
0.6284
0.6281
0.6281
0.6279
0.6281
0.6278
0.6275
0.6276
0.628
0.6278
0.6278
0.6282
0.6282
0.6284
0.6284
0.6288
0.6286
0.6285
0.6286
0.6284
0.6286
0.6286
0.6285
0.6287
0.6287
0.6285
0.6288
0.6288
0.6288
0.6287
0.6288
0.6287
0.6285
0.6289
0.6287
0.6288
0.6288
0.6287
0.6288
0.6287
0.6289
0.629
0.6294
0.6293
0.6292
0.6292
0.6291
0.6292
0.6291
0.6293
0.6292
0.629
0.6292
0.6291
0.6292
0.6292
0.6295
0.6297
0.6295
0.6298
0.6298
0.6297
0.6298
0.6295
0.6297
0.6296
0.6294
0.6296
0.6298
0.6304
0.6303
0.6303
0.6299
0.6299
0.6298
0.63
0.6302
0.63
0.6298
0.6299
0.6297
0.6296
0.6297
0.6296
0.6295
0.6296
0.6295
0.6294
0.6296
0.6295
0.6295
0.6294
0.6296
0.6295
0.6295
0.6296
0.6294
0.6294
0.6295
0.6297
0.6297
0.6299
0.6296
0.6297
0.6297
0.6298
0.6297
0.6298
0.6298
0.6295
0.6297
0.6297
0.6294
0.6294
0.6294
0.6293
0.6293
0.6294
0.6294
0.6295
0.6292
0.6291
0.6291
0.6292
0.6292
0.6293
0.6293
0.6292
0.6292
0.6292
0.6293
0.6293
0.6294
0.6294
0.6292
0.6293
0.6294
0.6291
0.6292
0.6291
0.6291
0.6293
0.6293
0.6292
0.6293
0.6292
0.6293
0.6293
0.6294
0.6293
0.6294
0.6291
0.6293
0.6292
0.6293
0.6292
0.6293
0.6292
0.6292
0.6292
0.6294
0.6293
0.6294
0.6291
0.6291
0.6295
0.6294
0.6294
0.6295
0.6293
0.6294
0.6295
0.6294
0.6294
0.6296
0.6295
0.6297
0.6296
0.6293
0.6294
0.6294
0.6294
0.6295
0.6296
0.6294
0.6296
0.6297
0.6294
0.6294
0.6295
0.6293
0.6294
0.6293
0.6294
0.6294
0.6294
0.6293
0.6295
0.6293
0.6293
0.6294
0.6294
0.6294
0.6294
0.6294
0.6293
0.6295
0.6294
0.6292
0.6291
0.6291
0.6291
0.6291
0.6292
0.629
0.629
0.6289
0.629
0.629
0.6287
0.6286
0.6287
0.6286
0.6285
0.6287
0.6287
0.6286
0.6284
0.6285
0.6284
0.6285
0.6286
0.6285
0.6287
0.629
0.629
0.629
0.629
0.6291
0.629
0.6289
0.629
0.6292
0.6291
0.6292
0.6291
0.6291
0.6291
0.6292
0.6292
0.6292
0.6291
0.6292
0.6292
0.6291
0.6292
0.6293
0.6293
0.6291
0.6292
0.6291
0.6292
0.6292
0.6293
0.6293
0.6292
0.6291
0.6293
0.6291
0.6291
0.6292
0.6292
0.6292
0.6293
0.6292
0.6292
0.6292
0.6293
0.6293
0.6293
0.6292
0.6293
0.6292
0.6293
0.6293
0.6293
0.6294
0.6293
0.6294
0.6295
0.6297
0.6294
0.6294
0.6295
0.6294
0.6294
0.6293
0.6294
0.6293
0.6292
0.6294
0.6294
0.6294
0.6295
0.6294
0.6295
0.6293
0.6294
0.6293
0.6294
0.6293
0.6294
0.6291
0.6291
0.6292
0.6291
0.6288
0.6289
0.6291
0.6291
0.6291
0.629
0.6291
0.629
0.6291
0.629
0.6289
0.629
0.6289
0.6289
0.629
0.629
0.629
0.629
0.629
0.6291
0.6291
0.6292
0.6292
0.629
0.629
0.629
0.6291
0.6291
0.629
0.6292
0.6291
0.6291
0.629
0.629
0.629
0.6291
0.629
0.629
0.629
0.629
0.6289
0.6289
0.6291
0.6289
0.629
0.6289
