0.01804
0.01804
0.01804
0.01804
0.01805
0.01804
0.01804
0.01805
0.01805
0.01805
0.01805
0.01806
0.01805
0.01805
0.01805
0.01805
0.01805
0.01805
0.01805
0.01806
0.01805
0.01806
0.01806
0.01806
0.01806
0.01806
0.01805
0.01805
0.01806
0.01806
0.01806
0.01807
0.01807
0.01807
0.01807
0.01807
0.01807
0.01807
0.01807
0.01807
0.01807
0.01807
0.01807
0.01806
0.01807
0.01806
0.01807
0.01807
0.01808
0.01808
0.01808
0.01808
0.01808
0.01809
0.01809
0.0181
0.01809
0.01809
0.01808
0.01808
0.01808
0.01808
0.01808
0.01808
0.01807
0.01807
0.01808
0.01807
0.01807
0.01807
0.01807
0.01808
0.01808
0.01807
0.01807
0.01807
0.01807
0.01807
0.01807
0.01808
0.01808
0.01808
0.01807
0.01807
0.01807
0.01807
0.01806
0.01806
0.01806
0.01806
0.01807
0.01807
0.01807
0.01807
0.01807
0.01807
0.01807
0.01807
0.01808
0.01807
0.01808
0.01807
0.01807
0.01807
0.01807
0.01807
0.01807
0.01807
0.01807
0.01807
0.01806
0.01806
0.01806
0.01805
0.01805
0.01805
0.01806
0.01806
0.01807
0.01807
0.01806
0.01806
0.01807
0.01806
0.01806
0.01806
0.01806
0.01806
0.01807
0.01807
0.01808
0.01807
0.01808
0.01807
0.01808
0.01808
0.01808
0.01808
0.01808
0.01808
0.01808
0.01808
0.01807
0.01807
0.01806
0.01807
0.01807
0.01807
0.01807
0.01807
0.01807
0.01807
0.01807
0.01807
0.01807
0.01807
0.01807
0.01807
0.01807
0.01807
0.01808
0.01807
0.01808
0.01808
0.01808
0.01808
0.01808
0.01808
0.01808
0.01808
0.01808
0.01808
0.01808
0.01808
0.01807
0.01807
0.01807
0.01807
0.01807
0.01807
0.01806
0.01806
0.01807
0.01806
0.01807
0.01807
0.01807
0.01808
0.01808
0.01807
0.01807
0.01807
0.01808
0.01809
0.01809
0.01808
0.01808
0.01808
0.01808
0.01808
0.01808
0.01808
0.01808
0.01807
0.01808
0.01807
0.01808
0.01808
0.01808
0.01808
0.01808
0.01808
0.01808
0.01808
0.01809
0.01809
0.01809
0.01809
0.01809
0.01805
0.01806
0.01807
0.01808
0.01809
0.0181
0.01811
0.01812
