47.5292
47.5327
47.5382
47.5372
47.5257
47.5322
47.5257
47.5322
47.5047
47.5382
47.5047
47.5382
47.5372
47.372
47.369
47.364
47.365
47.3491
47.3412
47.3243
47.3074
47.3173
47.3144
47.3213
47.3292
47.3402
47.3317
47.3407
47.3491
47.3422
47.366
47.364
47.3769
47.3218
47.3404
47.3516
47.3377
47.3566
47.3367
47.2876
47.2995
47.3045
47.3059
47.2881
47.3114
47.3268
47.3069
47.3307
47.326
47.3273
47.3312
47.3354
47.3144
47.3049
47.3168
47.292
47.2821
47.2826
47.2896
47.295
47.2598
47.2603
47.2445
47.2531
47.2613
47.2559
47.2589
47.2697
47.2613
47.2603
47.2529
47.2549
47.2762
47.2727
47.2806
47.2796
47.2524
47.2638
47.2722
47.2697
47.2643
47.2618
47.2772
47.2598
47.2697
47.2631
47.2524
47.2678
47.2727
47.2712
47.2658
47.2687
47.2772
47.2831
47.2935
47.3015
47.302
47.3144
47.3094
47.3069
47.3094
47.3173
47.2722
47.298
47.3022
47.3074
47.3101
47.3096
47.3188
47.3263
47.3139
47.3168
47.2925
47.2871
47.2806
47.2915
47.3054
47.3
47.29
47.297
47.2905
47.2881
47.2737
47.2757
47.2896
47.2816
47.2831
47.2856
47.2876
47.2866
47.2841
47.2796
47.2821
47.2831
47.2806
47.2697
47.2203
47.25
47.2623
47.2326
47.2574
47.2376
47.2222
47.2356
47.2499
47.244
47.249
47.2297
47.2574
47.2294
47.2376
47.2277
47.2129
47.244
47.2227
47.2203
47.2153
47.1709
47.1906
47.1561
47.1833
47.1793
47.1561
47.2054
47.1808
47.1709
47.1684
47.1808
47.1788
47.1778
47.1748
47.1788
47.1763
47.1734
47.2005
47.1734
47.1783
47.1709
47.1739
47.1689
47.1596
47.1571
47.1512
47.1438
47.1463
47.1123
47.1182
47.0929
47.1074
47.1044
47.1167
47.097
47.1133
47.1216
47.1167
47.1118
47.0921
47.0882
47.0749
47.0396
47.0325
47.0175
47.0288
47.044
47.0293
46.9975
47.0185
47.0342
47.0357
47.0308
47.0381
47.0332
47.0587
47.0406
47.0504
47.0636
47.045
47.0369
47.0371
47.043
47.0651
47.0474
47.043
47.0627
47.0528
47.0577
47.0784
47.0735
47.0862
47.1044
47.0695
47.0685
47.0607
47.0725
47.0966
47.0922
47.0774
47.0489
47.0518
47.0558
47.0686
47.071
47.0892
47.0882
47.0965
47.0926
47.0892
47.0867
47.0882
47.0936
47.0941
47.0774
47.0793
47.0646
47.0577
47.045
47.0784
47.0774
47.0479
46.9989
47.0136
47.0234
47.0254
47.0283
47.045
47.046
47.045
47.0411
47.043
47.0362
47.0371
47.042
47.0479
47.0332
47.0352
47.043
47.0577
47.0661
47.0577
47.0627
47.0872
47.0735
47.1054
47.0774
