1.2297
1.23
1.2295
1.2296
1.2296
1.2295
1.2301
1.2299
1.2299
1.2299
1.2303
1.2303
1.2303
1.2302
1.2307
1.2304
1.2304
1.2306
1.2302
1.2303
1.2304
1.2305
1.2301
1.2301
1.2301
1.2302
1.23
1.2301
1.2301
1.2301
1.2303
1.2301
1.2301
1.2301
1.2303
1.2303
1.2303
1.2303
1.2301
1.2302
1.2302
1.23
1.2302
1.2302
1.2302
1.2303
1.2301
1.2302
1.2302
1.2302
1.2303
1.2303
1.2303
1.2303
1.2304
1.2304
1.2304
1.2304
1.2306
1.2306
1.2309
1.2306
1.2306
1.2306
1.2306
1.2305
1.2306
1.2306
1.2306
1.2305
1.2305
1.2305
1.2305
1.2302
1.2303
1.2303
1.2303
1.2301
1.2302
1.2302
1.2303
1.2299
1.23
1.23
1.2297
1.2298
1.2298
1.2298
1.2299
1.2299
1.2299
1.2306
1.2306
1.2306
1.2306
1.2303
1.2304
1.2304
1.2304
1.2307
1.2306
1.2306
1.2307
1.2304
1.2306
1.2306
1.2305
1.2307
1.2306
1.2306
1.2305
1.2308
1.2308
1.2308
1.2308
1.2309
1.2308
1.2308
1.2309
1.2306
1.2307
1.2307
1.2307
1.2308
1.2307
1.2307
1.2308
1.2307
1.2307
1.2307
1.2307
1.2309
1.2308
1.2308
1.2308
1.2308
1.2308
1.2308
1.2309
1.2308
1.2308
1.2308
1.2309
1.2307
1.2307
1.2307
1.231
1.2309
1.2309
1.2309
1.2308
1.2309
1.2309
1.2309
1.2308
1.2308
1.2308
1.2305
1.2305
1.2305
1.2304
1.2305
1.2305
1.2305
1.2304
1.2307
1.2307
1.2307
1.2307
1.2306
1.2306
1.2306
1.2307
1.2306
1.2306
1.2306
1.2306
1.2305
1.2305
1.2305
1.2305
1.2306
1.2305
1.2305
1.2304
1.2306
1.2306
1.2306
1.2305
1.2307
1.2306
1.2306
1.2306
1.2308
1.2307
1.2307
1.2309
1.2307
1.2307
1.2307
1.2308
1.2306
1.2308
1.2308
1.2307
1.2308
1.2308
1.231
1.2309
1.2309
1.2309
1.2311
1.231
1.231
1.231
1.2303
1.2304
1.2304
1.2303
1.2305
1.2305
1.2305
1.2306
1.2304
1.2304
1.2304
1.2303
1.2305
1.2304
1.2304
1.2304
1.2302
1.2303
1.2303
1.2303
1.2306
1.2303
1.2303
1.2305
1.2297
1.2299
1.2299
1.2302
1.2296
1.2297
1.2297
1.2298
1.2295
1.2296
1.2296
1.2295
1.2298
1.2298
1.2298
1.2298
1.23
1.2298
1.2298
1.2299
1.2295
1.2297
1.2297
1.2297
1.2298
1.2297
1.2297
1.23
1.2299
1.2299
1.2298
1.2301
1.23
1.23
1.2302
1.2302
1.2302
1.2305
1.2302
1.2302
1.2302
1.2301
1.2303
1.2303
1.2303
1.2306
1.2304
1.2304
1.2303
1.2304
1.2303
1.2303
1.2304
1.2302
1.2302
1.2302
1.2302
1.2295
1.2295
1.2295
1.2295
1.2297
1.2297
1.2297
1.2297
1.2293
1.2294
1.2294
1.2294
1.2296
1.2296
1.2296
1.2295
1.2298
1.2297
1.2297
1.2296
1.2297
1.2297
1.2297
1.2298
1.2295
1.2295
1.2295
1.2295
1.2291
1.2293
1.2293
1.2293
1.2291
1.2292
1.2292
1.2294
1.229
1.2293
1.2293
1.2294
1.2289
1.229
1.229
1.2289
1.2291
1.229
1.229
1.229
1.2292
1.2292
1.2292
1.2291
1.2293
1.2292
1.2292
1.2294
1.2291
1.2291
1.2291
1.2291
1.2293
1.2293
1.2293
1.2292
1.2294
1.2294
1.2294
1.2294
1.2292
1.2294
1.2294
1.2292
1.2293
1.2293
1.2293
1.2291
1.2292
1.2292
1.2292
1.2293
1.2292
1.2292
1.2292
1.2293
1.2292
1.2292
1.2293
1.2288
1.2288
1.2288
1.2289
1.2284
1.2285
1.2285
1.2285
1.2286
1.2285
1.2285
1.2285
1.2287
1.2287
1.2288
1.2288
1.2288
1.2288
1.2287
1.2287
1.2287
1.2288
1.2286
1.2287
1.2287
1.2287
1.2288
1.2288
1.2288
1.2286
1.2286
1.2286
1.2284
1.2287
1.2286
1.2286
1.2286
1.2288
1.2288
1.2288
1.2286
1.2289
1.2288
1.2288
1.2288
1.2292
1.2291
1.2291
1.2291
1.2292
1.2292
1.2292
1.2291
1.2292
1.2292
1.2292
1.2291
1.2293
1.2293
1.2293
1.2293
1.2292
1.2293
1.2293
1.2293
1.2293
1.2293
1.2293
1.2293
1.2289
1.229
1.229
1.2291
1.2289
1.2289
1.2289
1.229
1.2285
1.2286
1.2286
1.2287
1.2286
1.2286
1.2287
1.2285
1.2286
1.2286
1.2286
1.2289
1.2288
1.2288
1.2288
1.2288
1.2288
1.2288
1.2289
1.2288
1.2288
1.2288
1.2288
1.2288
1.2288
1.2286
1.2291
1.2291
1.2291
1.229
1.2293
1.2293
1.2293
1.229
1.2292
1.2292
1.2294
1.2292
1.2292
1.2292
1.2292
1.2293
1.2293
1.2293
1.2293
1.2294
1.2294
1.2294
1.2294
1.2293
1.2294
1.2294
1.2292
1.2294
1.2294
1.2294
1.2293
1.2294
1.2294
1.2294
1.2294
1.2293
1.2294
1.2294
1.2294
1.2293
1.2294
1.2294
1.2294
1.2293
1.2293
1.2293
1.2292
1.2293
1.2293
1.2294
1.2293
1.2293
1.2292
1.2293
1.2293
1.2293
1.2293
1.2293
1.2293
1.2293
1.2293
1.2292
1.2293
1.2293
1.2293
1.2292
1.2292
1.2292
1.2292
1.2292
1.2292
1.2292
1.2292
1.2291
1.2291
1.2291
1.2291
1.2288
1.2288
1.2288
1.2288
1.229
1.2289
1.2289
1.2289
1.229
1.2289
1.2289
1.229
1.2289
1.2289
1.229
1.229
1.229
1.2287
1.2288
1.2288
1.2289
1.2289
1.2291
1.229
1.229
1.2288
1.2288
1.2288
1.2286
1.2286
1.2286
1.2286
1.2286
1.2286
1.2286
1.2286
1.2287
1.2286
1.2286
1.2286
1.2287
1.2287
1.2288
1.2287
1.2287
1.2287
1.2287
1.2287
1.2287
1.2287
1.2289
1.2289
1.229
1.2287
1.2287
1.2288
1.2287
1.2288
1.2288
1.2288
1.2288
1.2288
1.2288
1.2288
1.2288
1.2288
1.2288
1.2287
1.2289
1.2288
1.2288
1.2287
1.2291
1.2291
1.2291
1.229
1.2292
1.2292
1.2292
1.2291
1.2293
1.2293
1.2293
1.2293
1.2294
1.2293
1.2293
1.2292
1.2295
1.2294
1.2294
1.2293
1.2294
1.2294
1.2294
1.2294
1.2295
1.2294
1.2294
1.2295
1.2292
1.2292
1.2293
1.2289
1.2291
1.229
1.2288
1.229
1.229
1.229
1.2291
1.2291
1.2291
1.2291
1.2292
1.2291
1.2291
1.2294
1.2293
1.2293
1.2294
1.2292
1.2292
1.2292
1.2294
1.229
1.229
1.229
1.2284
1.2285
1.2285
1.2284
1.2291
1.2291
1.2291
1.2291
1.2298
1.2294
1.2294
1.2294
1.229
1.229
1.229
1.229
1.2292
1.229
1.229
1.2289
1.2293
1.2292
1.2292
1.2289
1.2293
1.2292
1.2292
1.2296
1.2292
1.2293
1.2293
1.2289
1.2293
1.2291
1.2291
1.2293
1.229
1.229
1.229
1.2291
1.2285
1.2286
1.2286
1.2288
1.2286
1.2287
1.2287
1.2287
1.229
1.2289
1.2289
1.2289
1.2291
1.229
1.229
1.2292
1.2287
1.2292
1.2292
1.2294
1.2291
1.2291
1.2291
1.2285
1.2286
1.2286
1.2283
1.2286
1.2285
1.2285
1.2285
1.2276
1.2277
1.2277
1.2279
1.2271
1.2276
1.2276
1.2276
1.2273
1.2276
1.2276
1.2275
1.228
1.2276
1.2276
1.2276
1.2288
1.2285
1.2285
1.2283
1.229
1.2286
1.2286
1.229
1.2285
1.2287
1.2287
1.2285
1.229
1.2289
1.2289
1.2287
1.229
1.2287
1.2287
1.2286
1.2292
1.2289
1.2289
1.229
1.2286
1.2287
1.2287
1.2287
1.2281
1.2281
1.2281
1.2282
1.2277
1.2279
1.2279
1.228
1.2271
1.2276
1.2276
1.2276
1.2273
1.2273
1.2273
1.2275
1.2271
1.2272
1.2272
1.2271
1.2275
1.2275
1.2275
1.2276
1.2273
1.2274
1.2274
1.2286
1.2286
1.2286
1.2284
1.2289
1.2287
1.2287
1.2288
1.2283
1.2284
1.2284
1.2284
1.2288
1.2285
1.2285
1.2286
1.2281
1.2282
1.2282
1.2281
1.2285
1.2283
1.2283
1.2275
1.2277
1.2277
1.2275
1.2281
1.228
1.228
1.228
1.2274
1.2276
1.2276
1.2279
1.2274
1.2275
1.2275
1.2275
1.2269
1.2269
1.2269
1.2271
1.2265
1.2267
1.2267
1.2268
1.2262
1.2265
1.2265
1.2263
1.2267
1.2267
1.2258
1.226
1.226
1.2259
1.2265
1.2264
1.2264
1.2265
1.2259
1.2263
1.2263
1.2264
1.2259
1.2262
1.2261
1.2262
1.2256
1.2259
1.2259
1.2257
1.226
1.2259
1.2259
1.2258
1.2265
1.2264
1.2264
1.2263
1.2267
1.2264
1.2264
1.2263
1.2267
1.2266
1.2266
1.2266
1.2269
1.2269
1.2269
1.2267
1.2269
1.2269
1.2269
1.227
1.2267
1.2267
1.2267
1.227
1.2265
1.2265
1.2266
1.2267
1.226
1.2262
1.2262
1.2262
1.2257
1.2261
1.2261
1.2266
1.2255
1.2261
1.2261
1.2261
1.2268
1.2267
1.2266
1.2266
1.2269
1.2269
1.2269
1.2269
1.2268
1.2268
1.2268
1.2268
1.2261
1.2262
1.2262
1.2261
1.2267
1.2267
1.2267
1.2267
1.2272
1.227
1.227
1.227
1.2281
1.2276
1.2276
1.2275
1.2281
1.228
1.228
1.2277
1.228
1.2279
1.2279
1.2279
1.2285
1.2284
1.2284
1.2282
1.2291
1.2289
1.2289
1.2284
1.2285
1.2285
1.2273
1.2273
1.2267
1.2275
1.227
1.227
1.2278
1.2277
1.2277
1.2278
1.2274
1.2275
1.2275
1.2275
1.2269
1.2272
1.2272
1.2274
1.2269
1.227
1.227
1.2273
1.2269
1.2269
1.2261
1.2263
1.2263
1.2265
1.2263
1.2264
1.2264
1.2266
1.2262
1.2263
1.2263
1.2263
1.2268
1.2267
1.2267
1.2265
1.2275
1.2271
1.2271
1.227
1.2276
1.2276
1.2276
1.2276
1.2272
1.2275
1.2275
1.2276
1.2268
1.2269
1.2269
1.2279
1.2279
1.2279
1.2269
1.2269
1.2269
1.2269
1.2273
1.227
1.227
1.2268
1.2273
1.2271
1.2271
1.2272
1.2258
1.2258
1.2258
1.2257
1.2265
1.2265
1.2265
1.2265
1.2261
1.2263
1.2263
1.2266
1.2263
1.2265
1.2265
1.2264
1.2268
1.2268
1.2268
1.2268
1.2264
1.2266
1.2266
1.2264
1.2266
1.2265
1.2265
1.2265
1.2272
1.2272
1.2274
1.2267
1.2267
1.2267
1.2272
1.227
1.227
1.2271
1.2264
1.2266
1.2266
1.2267
1.2265
1.2265
1.2265
1.226
1.2266
1.2265
1.2265
1.2262
1.2266
1.2266
1.2267
1.2263
1.2263
1.2263
1.2266
1.2261
1.2261
1.2262
1.2256
1.2257
1.2257
1.2256
1.226
1.2259
1.2259
1.226
1.2253
1.2255
1.2255
1.2254
1.2257
1.2254
1.2254
1.2252
1.226
1.2259
1.2259
1.225
1.2254
1.2254
1.2252
1.2255
1.2255
1.2255
1.2255
1.2249
1.225
1.225
1.2251
1.2248
1.225
1.225
1.225
1.2246
1.2247
1.2247
1.2249
1.2244
1.2248
1.2248
1.2249
1.2238
1.224
1.224
1.2242
1.2235
1.2236
1.2236
1.2233
1.2238
1.2237
1.2237
1.2238
1.2228
1.2228
1.2228
1.2225
1.223
1.223
1.223
1.223
1.2236
1.2235
1.2235
1.2239
1.2235
1.2238
1.2238
1.2236
1.224
1.224
1.224
1.2237
1.2238
1.2238
1.2237
1.2242
1.2238
1.2238
1.2238
1.2233
1.2235
1.2235
1.2234
1.2244
1.2244
1.2244
1.2241
1.2242
1.2242
1.2244
1.2244
1.2244
1.2242
1.2245
1.2245
1.2245
1.2239
1.2239
1.2239
1.2245
1.2243
1.2243
1.2245
1.2242
1.2242
1.2242
1.2243
1.223
1.2231
1.2231
1.223
1.2236
1.2236
1.2236
1.2235
1.2239
1.2237
1.2237
1.2238
1.2234
1.2236
1.2236
1.2231
1.2238
1.2236
1.2236
1.2237
1.2231
1.2231
1.2231
1.2231
1.2234
1.2234
1.2234
1.2234
1.2245
1.2244
1.2244
1.2243
1.2249
1.2248
1.2248
1.2249
1.2246
1.2248
1.2248
1.2248
1.2241
1.2241
1.2241
1.2241
1.2253
1.2252
1.2252
1.2249
1.2253
1.2251
1.2251
1.2258
1.2256
1.2256
1.2256
1.225
1.2251
1.2251
1.2251
1.2256
1.2255
1.2255
1.2255
1.2258
1.2258
1.2258
1.2253
1.2263
1.2263
1.2263
1.2263
1.2258
1.2259
1.2259
1.2259
1.2253
1.2257
1.2257
1.2256
1.2264
1.2261
1.2262
1.2262
1.2259
1.2259
1.2259
1.2261
1.2257
1.2258
1.2258
1.2258
1.2257
1.2258
1.2258
1.2261
1.2256
1.2259
1.2259
1.226
1.2255
1.2256
1.2256
1.2254
1.2256
1.2256
1.2256
1.2248
1.225
1.225
1.2251
1.2249
1.225
1.225
1.225
1.2249
1.2249
1.2249
1.225
1.2243
1.2245
1.2245
1.2246
1.2238
1.224
1.224
1.2237
1.2243
1.2241
1.2241
1.2238
1.2243
1.2243
1.2243
1.2247
1.2246
1.2246
1.2245
1.2249
1.2247
1.2247
1.2247
1.2241
1.2243
1.2243
1.2241
1.2245
1.2244
1.2244
1.2244
1.2241
1.2244
1.2244
1.2246
1.2242
1.2244
1.2243
1.2242
1.2245
1.2245
1.2245
1.2246
1.2242
1.2243
1.2243
1.2241
1.2242
1.2242
1.2239
1.2247
1.2246
1.2246
1.2256
1.2255
1.2255
1.2256
1.2253
1.2253
1.2253
1.2253
1.2247
1.2247
1.2247
1.2241
1.2243
1.2243
1.2244
1.224
1.2242
1.2242
1.2241
1.2242
1.2242
1.2242
1.2242
1.2245
1.2244
1.2244
1.2244
1.2247
1.2247
1.2246
1.225
1.2248
1.2248
1.2249
1.2247
1.2247
1.2247
1.2248
1.2246
1.2248
1.2248
1.2247
1.225
1.2249
1.2249
1.225
1.2249
1.225
1.225
1.2249
1.225
1.225
1.225
1.2253
1.225
1.225
1.225
1.225
1.226
1.2259
1.2259
1.2261
1.2257
1.2257
1.2257
1.2257
1.2255
1.2255
1.2255
1.225
1.2252
1.2252
1.2252
1.2251
1.2252
1.2252
1.2254
1.2251
1.2252
1.2252
1.2252
1.2258
1.2257
1.2257
1.2256
1.2259
1.2257
1.2257
1.2258
1.2245
1.2255
1.2255
1.226
1.226
1.2259
1.2262
1.226
1.226
1.2262
1.2259
1.2259
1.2259
1.2262
1.2261
1.2261
1.2261
1.2256
1.2256
1.2258
1.2258
1.2258
1.2258
1.2261
1.226
1.226
1.2261
1.2256
1.2258
1.2258
1.2257
1.2262
1.2262
1.2262
1.2262
1.226
1.2261
1.2261
1.2259
1.2262
1.2261
1.2261
1.2261
1.2259
1.2259
1.2259
1.2258
1.2261
1.2259
1.2259
1.2259
1.2257
1.2257
1.2257
1.2257
1.2255
1.2255
1.2255
1.2258
1.2257
1.2257
1.2258
1.2255
1.2257
1.2257
1.2257
1.226
1.2259
1.2259
1.2258
1.226
1.2259
1.2259
1.226
1.226
1.226
1.2261
1.2257
1.2258
1.2258
1.2259
1.2256
1.2256
1.2256
1.2256
1.2253
1.2253
1.2253
1.2254
1.2252
1.2252
1.2252
1.2251
1.2253
1.2252
1.2252
1.2252
1.2254
1.2253
1.2253
1.2249
1.2251
1.2251
1.2252
1.2249
1.225
1.225
1.225
1.2251
1.225
1.225
1.225
1.2252
1.2252
1.2252
1.2252
1.2253
1.2252
1.2252
1.2252
1.2253
1.2253
1.2253
1.2255
1.2253
1.2254
1.2254
1.2254
1.226
1.2258
1.2258
1.2258
1.2256
1.2256
1.2256
1.2254
1.2257
1.2257
1.2257
1.2257
1.2255
1.2256
1.2256
1.2257
1.2254
1.2255
1.2255
1.2253
1.2256
1.2255
1.2255
1.2256
1.2254
1.2254
1.2254
1.2254
1.2257
1.2257
1.2257
1.2258
1.2255
1.2257
1.2257
1.2258
1.2258
1.2258
1.226
1.2257
1.2257
1.2257
1.2257
1.2258
1.2257
1.2257
1.2257
1.2259
1.2259
1.2259
1.2258
1.2258
1.2258
1.2258
1.2259
1.2259
1.2259
1.2259
1.2262
1.2261
1.2261
1.2261
1.2262
1.2261
1.2261
1.226
1.2262
1.2262
1.2263
1.2259
1.2259
1.2259
1.2259
1.226
1.226
1.226
1.2261
1.2257
1.2257
1.2257
1.2257
1.2259
1.2259
1.2259
1.2262
1.2259
1.2259
1.2259
1.226
1.2258
1.226
1.226
1.226
1.2259
1.2259
1.2259
1.2259
1.2254
1.2257
1.2257
1.2258
1.2253
1.2254
1.2254
1.2254
1.2256
1.2255
1.2255
1.2254
1.226
1.2255
1.2255
1.2253
1.2256
1.2256
1.2256
1.2255
1.2262
1.2262
1.2262
1.2262
1.2259
1.226
1.226
1.2263
1.226
1.226
1.226
1.226
1.2257
1.2259
1.2259
1.2258
1.2258
1.2258
1.2257
1.2259
1.2259
1.2259
1.2259
1.2257
1.2257
1.2257
1.2258
1.2255
1.2255
1.2255
1.2255
1.2254
1.2255
1.2255
1.2256
1.2254
1.2254
1.2254
1.2255
1.2255
1.2255
1.2254
1.2257
1.2257
1.2257
1.2256
1.2259
1.2259
1.2259
1.2259
1.2258
1.2258
1.2258
1.2259
1.2258
1.2259
1.2259
1.2259
1.226
1.2259
1.2259
1.2259
1.226
1.226
1.226
1.226
1.226
1.226
1.226
1.226
1.226
1.226
