0.5116
0.5136
0.5117
0.5117
0.5118
0.5118
0.5117
0.5117
0.5118
0.5117
0.5116
0.5117
0.5118
0.5118
0.5117
0.5116
0.5117
0.5116
0.5116
0.5118
0.5117
0.5117
0.5117
0.5117
0.5118
0.5098
0.5137
0.5117
0.5116
0.5117
0.5117
0.5117
0.5117
0.5116
0.5116
0.5117
0.5118
0.5118
0.5118
0.5118
0.5118
0.5118
0.5117
0.5117
0.5118
0.5118
0.5118
0.5117
0.5123
0.509
0.5143
0.5118
0.5118
0.5117
0.5118
0.5117
0.5118
0.5117
0.5117
0.5118
0.5118
0.5117
0.5118
0.5118
0.5118
0.5118
0.5117
0.5091
0.5143
0.5117
0.5091
0.5143
0.5118
0.5118
0.5118
0.5118
0.5118
0.5118
0.5117
0.5117
0.5118
0.5118
0.5117
0.5117
0.5117
0.5117
0.5117
0.5117
0.5117
0.5118
0.5118
0.5118
0.5118
0.5091
0.5143
0.5118
0.5118
0.5118
0.5118
0.5118
0.5118
0.5118
0.5118
0.5117
0.5117
0.5117
0.5117
0.5117
0.5117
0.5118
0.5118
0.5117
0.5118
0.5118
0.5117
0.5118
0.5118
0.5117
0.5117
0.5118
0.5117
0.5091
0.5144
0.5118
0.5117
0.5117
0.5118
0.5117
0.5118
0.5118
0.5117
0.5117
0.5117
0.5117
0.5117
0.5118
0.5118
0.5117
0.5118
0.5118
0.5117
0.5118
0.5118
0.5118
0.5117
0.5118
0.509
0.5143
0.5117
0.5118
0.5118
0.5118
0.5117
0.5117
0.5117
0.5117
0.5117
0.5118
0.5118
0.5118
0.5118
0.5118
0.5118
0.5117
0.5117
0.5117
0.5117
0.5117
0.5091
0.5143
0.5091
0.5144
0.5117
0.5118
0.5118
0.5117
0.5118
0.5118
0.5118
0.5118
0.5117
0.5118
0.5118
0.5118
0.5118
0.5117
0.5118
0.5118
0.5118
0.5117
0.5117
0.5118
0.5118
0.5118
0.5118
0.5118
0.5117
0.5117
0.5117
0.5117
0.5118
0.5118
0.5117
0.5117
0.5117
0.5118
0.5117
0.5117
0.5117
0.5118
0.5112
0.5118
0.5118
0.5091
0.5143
0.5117
0.5117
0.5117
0.5117
0.5118
0.5118
0.5118
0.5118
0.5117
0.5117
0.5118
0.5111
0.5118
0.5117
0.5117
0.5117
0.5117
0.5111
0.5118
0.5118
0.5118
0.5117
0.5116
0.5096
0.5136
0.5117
0.5118
0.5117
0.5117
0.5116
0.5116
0.5119
0.5117
0.5117
0.5117
0.5116
0.5118
0.5118
0.5118
0.5118
0.5119
0.5118
0.5118
0.5118
0.5119
0.5118
0.5117
0.5119
0.512
0.5118
0.5118
0.5119
0.5118
0.5119
0.5118
0.5119
0.5118
0.5117
0.5098
0.5137
0.5118
0.5119
0.5118
0.5118
0.5119
0.5117
0.5118
0.5117
0.5118
0.5117
0.5119
0.5118
0.5119
0.5118
0.5119
0.5118
0.5113
0.5118
0.5119
0.5118
0.5113
0.5118
0.5117
0.5118
0.5117
0.5118
0.5119
0.5118
0.5117
0.5118
0.5118
0.5118
0.5116
0.5116
0.5119
0.5118
0.5117
0.5118
0.5117
0.5118
0.5113
0.5111
0.5116
0.5117
0.5117
0.5118
0.5117
0.5117
0.5118
0.5117
0.5118
0.5118
0.5118
0.5117
0.5119
0.5118
0.5117
0.5118
0.5117
0.5118
0.5119
0.5117
0.5118
0.5099
0.5119
0.5099
0.5119
0.5139
0.5119
0.5113
0.5111
0.5117
0.5119
0.5117
0.5119
0.5113
0.5111
0.5117
0.5119
0.5117
0.5119
0.5119
0.5118
0.5119
0.512
0.5118
0.5119
0.5113
0.5119
0.5119
0.5119
0.5113
0.5119
0.5099
0.5139
0.5119
0.5119
0.5119
0.5115
0.5117
0.512
0.5118
0.5109
0.5134
0.5119
0.5109
0.5134
0.5099
0.5139
0.5128
0.5134
0.5109
0.5134
0.512
0.5119
0.5109
0.5134
0.5119
0.5094
0.5119
0.5117
0.5119
0.5109
0.5134
0.5109
0.5134
0.5109
0.5134
0.5109
0.5134
0.5119
0.5118
0.5117
0.5116
0.5109
0.5132
0.5109
0.5132
0.5132
0.5109
0.5132
0.5116
0.5093
0.5133
0.5115
0.5132
0.5115
0.5092
0.5115
0.5092
0.5115
0.5115
0.5115
0.5115
0.5116
0.5115
0.5115
0.5116
0.5115
0.5116
0.5116
0.5116
0.5116
0.5116
0.5116
0.5116
0.5116
0.5116
0.5115
0.5116
0.5115
0.5116
0.5116
0.5116
0.5116
0.5116
0.5116
0.5115
0.5116
0.5116
0.5115
0.5116
0.5116
0.5115
0.5115
0.5116
0.5116
0.5116
0.5116
0.5117
0.5116
0.5116
0.5116
0.5116
0.5115
0.5115
0.5117
0.5116
0.5116
0.5115
0.5116
0.5116
0.5116
0.5117
0.5115
0.5116
0.5116
0.5116
0.5115
0.5115
0.5116
0.5115
0.5115
0.5096
0.5135
0.5115
0.5115
0.5117
0.5116
0.5115
0.5115
0.5116
0.5116
0.5116
0.5116
0.5115
0.5116
0.5115
0.5117
0.5116
0.5115
0.5116
0.5115
0.5115
0.5116
0.5116
0.5115
0.5115
0.5115
0.5115
0.5116
0.5115
0.5116
0.5116
0.5116
0.5116
0.5116
0.5115
0.5116
0.5116
0.5116
0.5116
0.5116
0.5116
0.5116
0.5115
0.5116
0.5115
0.5115
0.5116
0.5115
0.5115
0.5116
0.5116
0.5115
0.5116
0.5116
0.5116
0.5116
0.5116
0.5116
0.5116
0.5096
0.5135
0.5116
0.5115
0.5117
0.5116
0.5115
0.5116
0.5115
0.5117
0.5116
0.5115
0.5116
0.5115
0.5116
0.5115
0.5116
0.5115
0.5116
0.5115
0.5116
0.5117
0.5116
0.5115
0.5116
0.5115
0.5116
0.5116
0.5116
0.5115
0.5116
0.5115
0.5116
0.5115
0.5116
0.5115
0.5117
0.5095
0.5135
0.5115
0.5115
0.5116
0.5115
0.5117
0.5115
0.5116
0.5115
0.5115
0.5116
0.5115
0.5116
0.5115
0.5116
0.5115
0.5115
0.5116
0.5115
0.5117
0.5116
0.5115
0.5116
0.5115
0.5116
0.5116
0.5115
0.5115
0.5115
0.5117
0.5116
0.5116
0.5116
0.5116
0.5115
0.5116
0.5115
0.5117
0.5116
0.5096
0.5136
0.5116
0.5115
0.5116
0.5116
0.5115
0.5117
0.5116
0.5115
0.5116
0.5115
0.5115
0.5116
0.5115
0.5115
0.5116
0.5115
0.5115
0.5115
0.5115
0.5115
0.5116
0.5115
0.5116
0.5115
0.5115
0.5116
0.5115
0.5115
0.5116
0.5115
0.5115
0.5116
0.5116
0.5115
0.5116
0.5116
0.5116
0.5116
0.5115
0.5115
0.5115
0.5115
0.5116
0.5115
0.5115
0.5116
0.5115
0.5115
0.5116
0.5115
0.5115
0.5116
0.5115
0.5115
0.5116
0.5115
0.5115
0.5116
0.5115
0.5116
0.5115
0.5115
0.5116
0.5116
0.5115
0.5115
0.5116
0.5116
0.5115
0.5116
0.5116
0.5115
0.5115
0.5116
0.5116
0.5115
0.5115
0.5116
0.5115
0.5115
0.5116
0.5116
0.5115
0.5117
0.5116
0.5116
0.5116
0.5115
0.5115
0.5116
0.5115
0.5115
0.5116
0.5115
0.5115
0.5117
0.5115
0.5115
0.5116
0.5116
0.5116
0.5116
0.5116
0.5116
0.5116
0.5115
0.5115
0.5116
0.5116
0.5115
0.5115
0.5116
0.5115
0.5116
