1.571
1.571
1.5714
1.5714
1.5714
1.5714
1.5713
1.5714
1.5714
1.5714
1.5712
1.5714
1.5714
1.5714
1.5711
1.5711
1.5711
1.5713
1.571
1.5712
1.5712
1.5712
1.571
1.571
1.571
1.571
1.571
1.571
1.571
1.571
1.571
1.571
1.571
1.5711
1.5709
1.571
1.571
1.5709
1.571
1.571
1.571
1.5711
1.5709
1.571
1.571
1.5709
1.571
1.571
1.571
1.571
1.571
1.571
1.571
1.5709
1.571
1.571
1.571
1.5709
1.5709
1.5709
1.5704
1.571
1.5708
1.5708
1.5707
1.5711
1.5711
1.5711
1.5708
1.5709
1.5709
1.5711
1.5708
1.5708
1.5708
1.571
1.5702
1.5703
1.5703
1.5702
1.5711
1.571
1.571
1.5709
1.571
1.571
1.571
1.571
1.5709
1.5709
1.5709
1.5709
1.5709
1.5709
1.5709
1.5708
1.5709
1.5709
1.5709
1.5707
1.5708
1.5708
1.5709
1.5708
1.5708
1.5708
1.5708
1.5708
1.5708
1.5708
1.5709
1.5707
1.5708
1.5708
1.5708
1.5706
1.5706
1.5706
1.5704
1.5708
1.5708
1.5708
1.5707
1.571
1.571
1.571
1.5709
1.571
1.571
1.571
1.571
1.5709
1.571
1.571
1.5709
1.5711
1.571
1.571
1.5711
1.571
1.571
1.571
1.571
1.5709
1.571
1.571
1.5709
1.571
1.571
1.571
1.571
1.5712
1.5712
1.5712
1.5711
1.5714
1.5713
1.5713
1.5713
1.5712
1.5712
1.5712
1.5712
1.5713
1.5712
1.5712
1.5712
1.571
1.571
1.571
1.571
1.5711
1.5711
1.571
1.5711
1.571
1.571
1.571
1.5711
1.571
1.571
1.571
1.571
1.5711
1.571
1.571
1.5711
1.571
1.571
1.571
1.571
1.5711
1.5711
1.5711
1.5711
1.5712
1.5711
1.5711
1.5711
1.5712
1.5711
1.5711
1.5712
1.5711
1.5711
1.5711
1.5711
1.5711
1.5711
1.5711
1.5712
1.5712
1.5711
1.5711
1.5712
1.5712
1.5712
1.5712
1.5713
1.5713
1.5713
1.571
1.571
1.571
1.5711
1.5709
1.5709
1.5709
1.5709
1.5711
1.571
1.571
1.571
1.5712
1.5712
1.5712
1.571
1.571
1.571
1.5709
1.5711
1.571
1.571
1.5712
1.5711
1.5711
1.5712
1.571
1.571
1.571
1.5709
1.571
1.571
1.571
1.5713
1.5712
1.5712
1.5711
1.5713
1.5713
1.5713
1.5712
1.5714
1.5714
1.5714
1.5714
1.5713
1.5713
1.5713
1.5713
1.5713
1.5713
1.5713
1.5713
1.5713
1.5713
1.5713
1.5713
1.5712
1.5712
1.5712
1.5712
1.5713
1.5712
1.5712
1.5711
1.5713
1.5713
1.5713
1.5713
1.571
1.571
1.571
1.571
1.5711
1.571
1.571
1.571
1.5711
1.571
1.571
1.5713
1.5712
1.5712
1.5712
1.5714
1.5714
1.5714
1.5713
1.5714
1.5713
1.5713
1.5716
1.5716
1.5716
1.5713
1.5714
1.5714
1.5712
1.5714
1.5714
1.5714
1.5714
1.5712
1.5714
1.5714
1.5713
1.5715
1.5715
1.5715
1.5715
1.572
1.572
1.572
1.5722
1.5718
1.5721
1.5721
1.5718
1.572
1.572
1.572
1.5721
1.5721
1.5721
1.5721
1.5718
1.5719
1.5719
1.572
1.5718
1.5718
1.5718
1.5718
1.5716
1.5717
1.5717
1.5717
1.572
1.572
1.572
1.5724
1.5723
1.5723
1.5723
1.573
1.5728
1.5728
1.5729
1.5725
1.5726
1.5726
1.5726
1.5729
1.5727
1.5727
1.5728
1.5724
1.5726
1.5726
1.5726
1.5729
1.5727
1.5727
1.5725
1.5726
1.5726
1.5726
1.5727
1.5727
1.5727
1.5728
1.5724
1.5725
1.5725
1.5724
1.5727
1.5727
1.5727
1.5725
1.5726
1.5726
1.5725
1.5727
1.5727
1.5728
1.5726
1.5726
1.5726
1.5727
1.5725
1.5725
1.5725
1.5726
1.5725
1.5725
1.5725
1.5725
1.5724
1.5724
1.5724
1.5724
1.572
1.5721
1.5721
1.572
1.5722
1.5722
1.5722
1.5721
1.5723
1.5723
1.5725
1.5722
1.5723
1.5723
1.5724
1.5722
1.5723
1.5723
1.5723
1.5721
1.5722
1.5722
1.5724
1.5722
1.5722
1.572
1.5722
1.5722
1.5721
1.5725
1.5725
1.5725
1.5727
1.5726
1.5726
1.5726
1.5727
1.5726
1.5726
1.5726
1.5722
1.5724
1.5724
1.5724
1.5722
1.5722
1.5725
1.5724
1.5724
1.5722
1.5725
1.5724
1.5724
1.5722
1.5723
1.5723
1.5721
1.5721
1.5721
1.572
1.5722
1.5722
1.5722
1.572
1.5722
1.572
1.572
1.572
1.5724
1.5722
1.5722
1.5722
1.572
1.572
1.572
1.572
1.5721
1.5721
1.5721
1.5722
1.5721
1.5722
1.5722
1.5721
1.5726
1.5725
1.5725
1.5725
1.5725
1.5725
1.5725
1.5724
1.5727
1.5725
1.5725
1.5727
1.5724
1.5725
1.5725
1.5728
1.5726
1.5726
1.5726
1.5723
1.5724
1.5724
1.5723
1.5725
1.5725
1.5725
1.5726
1.5724
1.5724
1.5724
1.5723
1.5724
1.5723
1.5723
1.5723
1.5721
1.5721
1.5721
1.5722
1.5722
1.5722
1.5721
1.5723
1.5722
1.5722
1.5724
1.5723
1.5723
1.5723
1.5724
1.5723
1.5723
1.5723
1.5722
1.5722
1.5722
1.5722
1.5722
1.5722
1.5722
1.5723
1.5721
1.5722
1.5722
1.5723
1.5721
1.5722
1.5722
1.5721
1.5722
1.5722
1.5721
1.5721
1.5721
1.5721
1.572
1.572
1.572
1.5719
1.5719
1.5719
1.5721
1.5719
1.572
1.572
1.5721
1.5717
1.5718
1.5718
1.5718
1.5717
1.5717
1.5717
1.5716
1.572
1.5719
1.5719
1.5718
1.5721
1.5721
1.5721
1.572
1.5721
1.5721
1.5721
1.5718
1.572
1.572
1.5721
1.5719
1.5719
1.5719
1.5719
1.5722
1.5721
1.5721
1.572
1.5722
1.5722
1.5722
1.5721
1.5722
1.5722
1.5722
1.5723
1.5721
1.5721
1.5721
1.5721
1.5721
1.5721
1.5721
1.5721
1.572
1.5721
1.5721
1.5721
1.5718
1.5718
1.5718
1.5722
1.5721
1.5721
1.5721
1.5719
1.572
1.572
1.5718
1.5721
1.5721
1.5721
1.5719
1.5721
1.572
1.572
1.5721
1.5714
1.5715
1.5715
1.5715
1.5716
1.5716
1.5716
1.5716
1.5715
1.5715
1.5715
1.5715
1.5713
1.5713
1.5713
1.5711
1.5711
1.5711
1.5712
1.5709
1.5709
1.5709
1.5707
1.5711
1.5709
1.5709
1.5708
1.5715
1.5714
1.5714
1.5714
1.5716
1.5714
1.5714
1.5712
1.5714
1.5714
1.5714
1.5709
1.571
1.571
1.5711
1.5706
1.5706
1.5705
1.5711
1.5711
1.5711
1.5711
1.5709
1.5709
1.5709
1.5708
1.571
1.571
1.571
1.5712
1.571
1.571
1.5712
1.5708
1.571
1.571
1.5711
1.5709
1.571
1.571
1.5713
1.5713
1.5713
1.5714
1.5711
1.5711
1.5711
1.5712
1.571
1.5711
1.5711
1.5709
1.5714
1.5713
1.5713
1.5714
1.5712
1.5712
1.5712
1.5711
1.5714
1.5713
1.5713
1.5713
1.5709
1.5711
1.5711
1.5709
1.5711
1.5711
1.5711
1.5709
1.5713
1.5713
1.5713
1.5714
1.5694
1.5706
1.5706
1.5706
1.5693
1.5696
1.5696
1.5689
1.57
1.5698
1.5698
1.57
1.5692
1.5693
1.5693
1.5693
1.5688
1.5692
1.5692
1.5687
1.5696
1.5693
1.5693
1.569
1.57
1.5699
1.5699
1.5701
1.5696
1.5698
1.5698
1.5696
1.5701
1.57
1.57
1.5697
1.5704
1.5701
1.5701
1.5703
1.5697
1.5698
1.5698
1.5698
1.5705
1.5705
1.5705
1.5703
1.5708
1.5707
1.5707
1.5707
1.57
1.5701
1.5701
1.5704
1.57
1.5701
1.5701
1.5694
1.5704
1.5703
1.5703
1.5704
1.5699
1.57
1.57
1.5701
1.5695
1.5696
1.5696
1.57
1.5696
1.5697
1.5697
1.5697
1.5694
1.5695
1.5695
1.5694
1.5699
1.5697
1.5697
1.5698
1.5689
1.5692
1.5692
1.5693
1.5689
1.569
1.569
1.5689
1.5693
1.569
1.569
1.5692
1.5689
1.5692
1.5692
1.5692
1.5686
1.5686
1.5686
1.569
1.5683
1.5687
1.5687
1.5687
1.5683
1.5686
1.5686
1.5685
1.5696
1.5692
1.5692
1.5693
1.5686
1.5689
1.5689
1.5692
1.5688
1.569
1.569
1.5688
1.5699
1.5696
1.5696
1.5697
1.5693
1.5695
1.5695
1.5691
1.5696
1.5694
1.5694
1.5694
1.5698
1.5697
1.5697
1.5697
1.5693
1.5693
1.5693
1.5693
1.5684
1.5685
1.5685
1.5687
1.5684
1.5684
1.5684
1.5684
1.569
1.569
1.569
1.5692
1.5685
1.5686
1.5686
1.5685
1.5691
1.569
1.569
1.5688
1.5691
1.5691
1.5691
1.5691
1.5695
1.5691
1.5691
1.5692
1.5684
1.5689
1.5689
1.569
1.5684
1.5684
1.5684
1.568
1.5681
1.5681
1.568
1.5682
1.5681
1.5681
1.568
1.5686
1.5685
1.5685
1.5683
1.5683
1.5683
1.5682
1.5682
1.5682
1.5682
1.5687
1.5687
1.5687
1.569
1.5687
1.5689
1.5689
1.5687
1.569
1.5689
1.5689
1.5691
1.5689
1.569
1.569
1.5696
1.5694
1.5694
1.5696
1.5691
1.5691
1.5691
1.5692
1.5689
1.5691
1.5691
1.5692
1.5686
1.5687
1.5687
1.5691
1.5685
1.5687
1.5687
1.5685
1.5689
1.5688
1.5694
1.5687
1.5687
1.5687
1.5697
1.5691
1.5691
1.569
1.5696
1.5692
1.5692
1.5691
1.5698
1.5698
1.5698
1.5698
1.5694
1.5694
1.5694
1.5694
1.569
1.569
1.569
1.5687
1.5696
1.5695
1.5695
1.5692
1.5696
1.5696
1.5696
1.5697
1.5691
1.5693
1.5693
1.5691
1.5695
1.5694
1.5694
1.5693
1.5696
1.5696
1.5696
1.5695
1.5699
1.5696
1.5696
1.5697
1.5694
1.5696
1.5696
1.5697
1.5691
1.5692
1.5692
1.5693
1.569
1.5691
1.5691
1.569
1.5695
1.5695
1.5695
1.5696
1.569
1.5691
1.5691
1.5691
1.5688
1.5689
1.5689
1.5686
1.5687
1.5687
1.5687
1.5684
1.5686
1.5686
1.5683
1.5685
1.5685
1.5685
1.5681
1.5682
1.5682
1.568
1.5685
1.5685
1.5685
1.5686
1.568
1.568
1.568
1.568
1.5684
1.5682
1.5682
1.5682
1.5674
1.5675
1.5675
1.5675
1.5671
1.5672
1.5672
1.5674
1.5669
1.567
1.567
1.5672
1.5668
1.5669
1.5669
1.5669
1.5673
1.5673
1.5673
1.5663
1.5664
1.5664
1.5664
1.5669
1.5668
1.5668
1.5667
1.5669
1.5667
1.5667
1.5668
1.5665
1.5666
1.5666
1.5666
1.5669
1.5668
1.5668
1.5669
1.5664
1.5665
1.5665
1.5665
1.5673
1.5673
1.5673
1.5668
1.5673
1.5672
1.5672
1.567
1.5676
1.5673
1.5673
1.5677
1.567
1.567
1.567
1.5673
1.5664
1.5667
1.5667
1.5667
1.5658
1.5661
1.5662
1.566
1.5662
1.5662
1.5662
1.5662
1.5669
1.5669
1.5669
1.5666
1.567
1.567
1.5672
1.5666
1.5666
1.5666
1.5666
1.5671
1.567
1.567
1.5672
1.5669
1.5671
1.5671
1.5676
1.5675
1.5675
1.5676
1.5672
1.5672
1.5671
1.5678
1.5676
1.5676
1.5673
1.5679
1.5679
1.5679
1.5679
1.5671
1.5673
1.5673
1.5674
1.5668
1.5672
1.5672
1.5672
1.5685
1.5682
1.5682
1.5684
1.5678
1.5679
1.5679
1.5679
1.5682
1.568
1.568
1.5679
1.5686
1.5684
1.5684
1.5684
1.567
1.5674
1.5674
1.5676
1.5665
1.5669
1.5669
1.5668
1.5672
1.5672
1.5672
1.5672
1.5682
1.5682
1.5677
1.5679
1.5679
1.5678
1.5684
1.5681
1.5681
1.5681
1.566
1.5662
1.5662
1.5653
1.5661
1.5661
1.5665
1.5657
1.5657
1.5657
1.566
1.5652
1.566
1.566
1.566
1.5654
1.5657
1.5657
1.5653
1.5659
1.5658
1.5658
1.5653
1.566
1.566
1.5654
1.5656
1.5656
1.5656
1.5661
1.5659
1.5659
1.566
1.5654
1.5655
1.5655
1.5654
1.5658
1.5657
1.5657
1.5647
1.5647
1.5649
1.5641
1.5641
1.5641
1.5636
1.5642
1.5642
1.5642
1.5644
1.5637
1.564
1.564
1.5644
1.5637
1.564
1.564
1.5643
1.5632
1.5633
1.5633
1.5633
1.5638
1.5635
1.5635
1.5636
1.5626
1.563
1.563
1.5627
1.5633
1.5633
1.5638
1.5634
1.5634
1.5633
1.5641
1.564
1.5639
1.564
1.5631
1.5633
1.5633
1.5632
1.5638
1.5637
1.5637
1.5637
1.5643
1.5642
1.5642
1.5637
1.5642
1.5642
1.5642
1.5646
1.5639
1.564
1.564
1.5635
1.5642
1.5642
1.5642
1.5648
1.5646
1.5646
1.5643
1.5649
1.5648
1.5648
1.5646
1.5654
1.5654
1.5651
1.5657
1.5656
1.5656
1.5657
1.5651
1.5652
1.5652
1.5652
1.5659
1.5657
1.5657
1.5656
1.5663
1.5662
1.5662
1.5661
1.5672
1.5672
1.5673
1.5665
1.5671
1.5671
1.5676
1.567
1.567
1.5669
1.5671
1.5671
1.5671
1.5669
1.5678
1.5678
1.5695
1.5689
1.5689
1.5689
1.5687
1.5688
1.5688
1.5687
1.5698
1.5696
1.5696
1.5699
1.5689
1.5689
1.5689
1.5693
1.5687
1.5687
1.5687
1.5682
1.5682
1.5682
1.5686
1.5683
1.5683
1.5679
1.5684
1.5684
1.5682
1.5686
1.5684
1.5684
1.5683
1.5686
1.5686
1.5686
1.5686
1.5682
1.5684
1.5684
1.5687
1.5682
1.5682
1.5682
1.5686
1.5684
1.5684
1.5684
1.5687
1.5687
1.5687
1.5689
1.5687
1.5687
1.5687
1.5687
1.5684
1.5685
1.5685
1.5685
1.568
1.568
1.568
1.5682
1.5678
1.5678
1.5678
1.5678
1.568
1.5679
1.5679
1.5675
1.5676
1.5676
1.5674
1.5676
1.5675
1.5675
1.5674
1.5676
1.5676
1.5677
1.5675
1.5675
1.5675
1.5675
1.5676
1.5676
1.5675
1.5679
1.5678
1.5678
1.5679
1.5671
1.5673
1.5673
1.5669
1.5669
1.5669
1.5667
1.5669
1.5668
1.5668
1.5672
1.5672
1.5672
1.5671
1.5674
1.5674
1.5678
1.5677
1.5677
1.5677
1.5676
1.5676
1.5676
1.5675
1.5676
1.5676
1.5676
1.5677
1.5677
1.5677
1.5677
1.5675
1.5675
1.5675
1.5675
1.5668
1.5669
1.5669
1.5677
1.5677
1.5677
1.5679
1.5676
1.5677
1.5677
1.5677
1.568
1.5679
1.5679
1.5678
1.5682
1.568
1.568
1.5679
1.5683
1.5682
1.5682
1.5683
1.568
1.5681
1.5681
1.5683
1.5681
1.5681
1.5681
1.5679
1.5682
1.568
1.568
1.568
1.5682
1.5682
1.5682
1.5682
1.5684
1.5684
1.5684
1.5684
1.5683
1.5684
1.5684
1.5684
1.5682
1.5682
1.5682
1.568
1.5683
1.5682
1.5682
1.5683
1.5681
1.5681
1.5681
1.568
1.5682
1.5681
1.5681
1.5678
1.5681
1.568
1.568
1.5681
1.5678
1.568
1.568
1.5678
1.568
1.568
1.568
1.568
1.5677
1.5677
1.5677
1.5677
1.5675
1.5675
1.5675
1.5675
1.5677
1.5675
1.5675
1.5673
1.5676
1.5675
1.5675
1.5675
1.5667
1.567
1.567
1.5669
1.5675
1.5675
1.5675
1.5674
1.5675
1.5675
1.5675
1.5676
1.5671
1.5673
1.5673
1.5669
1.567
1.567
1.567
1.5672
1.5672
1.5672
1.5672
1.5677
1.5675
1.5675
1.5675
1.5677
1.5676
1.5676
1.5677
1.5676
1.5676
1.5676
1.5676
1.5678
1.5678
1.5678
1.5677
1.5679
1.5679
1.5679
1.5677
1.5677
1.5677
1.5677
1.5678
1.5677
1.5677
1.5677
1.5678
1.5677
1.5677
1.5676
1.5678
1.5678
1.5678
1.5682
1.5682
1.5682
1.5681
1.5683
1.5683
1.5683
1.5679
1.5682
1.5682
1.568
1.5682
1.5681
1.5681
1.5681
1.5677
1.5678
1.5678
1.5678
1.5677
1.5677
1.5677
1.5677
1.5678
1.5678
1.5678
1.5678
1.5678
1.5678
1.5678
1.5678
1.5679
1.5679
1.5679
1.5681
1.5677
1.5677
1.5677
1.5678
1.5677
1.5677
1.5677
1.5677
1.5681
1.5681
1.5681
1.568
1.5683
1.5683
1.5683
1.568
1.5681
1.5681
1.5681
1.568
1.568
1.568
1.5681
1.568
1.568
1.568
1.568
1.568
1.568
1.568
1.5679
1.5681
1.5679
1.5679
1.5679
1.568
1.5679
1.5679
1.5679
1.5681
1.568
1.568
1.5682
1.5679
1.568
1.568
1.568
1.5678
1.5678
1.5678
1.5675
1.5679
1.5679
1.5678
1.5679
1.567
1.5673
1.5673
1.5672
1.5675
1.5675
1.5675
1.5675
1.5677
1.5676
1.5676
1.5675
1.5675
1.5675
1.5675
1.5672
1.5674
1.5674
1.5674
1.5673
1.5674
1.5674
1.5674
1.5673
1.5674
1.5674
1.5674
1.5677
1.5677
1.5677
1.5677
1.5674
1.5675
1.5675
1.5675
1.5674
1.5675
1.5675
1.5674
1.5677
1.5676
1.5676
1.5675
1.568
1.568
1.568
1.5677
1.5681
1.568
1.568
1.568
1.5678
1.5679
1.5679
1.5679
1.5677
1.5678
1.5678
1.568
1.5675
1.5675
1.5675
1.5675
1.5676
1.5675
1.5675
1.5675
1.5675
1.5675
