1.5571
1.557
1.557
1.557
1.557
1.557
1.557
1.5569
1.5568
1.5568
1.5568
1.5568
1.5568
1.5568
1.5568
1.5568
1.5568
1.5569
1.5569
1.5568
1.5568
1.5568
1.5567
1.5566
1.5565
1.5566
1.5567
1.5567
1.5566
1.5566
1.5564
1.5565
1.5563
1.5561
1.5561
1.5563
1.5563
1.5561
1.5561
1.5561
1.5561
1.5561
1.5562
1.5562
1.5562
1.5562
1.5562
1.5563
1.5563
1.5563
1.5563
1.5566
1.5565
1.5565
1.5566
1.5566
1.5569
1.5569
1.557
1.5569
1.557
1.5569
1.5568
1.5568
1.5568
1.5567
1.5565
1.5565
1.5565
1.5565
1.5565
1.5568
1.5568
1.5566
1.5568
1.5569
1.5571
1.5571
1.5571
1.5568
1.5565
1.5565
1.5565
1.5567
1.5567
1.5567
1.5567
1.5568
1.5568
1.5566
1.5567
1.5567
1.5568
1.5569
1.5569
1.5572
1.5569
1.5572
1.5571
1.5571
1.5571
1.557
1.5568
1.5569
1.5569
1.5571
1.557
1.5569
1.5568
1.5566
1.5563
1.5565
1.5566
1.5565
1.5566
1.5566
1.5567
1.5568
1.5569
1.5567
1.5568
1.5567
1.5568
1.5566
1.5567
1.5568
1.5568
1.5567
1.5569
1.5569
1.5569
1.5569
1.5569
1.557
1.5569
1.557
1.557
1.557
1.5571
1.557
1.5571
1.5571
1.5572
1.5572
1.5571
1.5572
1.5572
1.5573
1.558
1.5578
1.5579
1.5578
1.5586
1.5584
1.5582
1.5584
1.5584
1.5586
1.5584
1.5586
1.5586
1.5587
1.5586
1.5586
1.5585
1.5586
1.5584
1.5582
1.5583
1.5584
1.5584
1.5585
1.5587
1.5588
1.559
1.559
1.559
1.5593
1.5595
1.5602
1.5601
1.5602
1.5604
1.5604
1.5602
1.56
1.5599
1.5599
1.5599
1.5597
1.5596
1.5598
1.5598
1.5599
1.5598
1.5599
1.5598
1.5598
1.5596
1.5597
1.5598
1.56
1.56
1.5598
1.56
1.5603
1.56
1.5603
1.5601
1.56
1.5601
1.5602
1.5605
1.5602
1.5605
1.5604
1.5604
1.5603
1.5602
1.56
1.5601
1.5601
1.5601
1.56
1.5601
1.56
1.56
1.56
1.56
1.5599
1.5599
1.5598
1.5596
1.5597
1.5597
1.5596
1.5596
1.5596
1.5595
1.5595
1.5596
1.5595
1.5592
1.559
1.5591
1.5591
1.5594
1.5593
1.5594
1.5595
1.5596
1.56
1.56
1.56
1.56
1.56
1.5599
1.5598
1.5596
1.5595
1.5595
1.5593
1.5594
1.5591
1.5591
1.5591
1.5592
1.5592
1.5591
1.559
1.559
1.5589
1.5587
1.5588
1.5585
1.5582
1.5584
1.5585
1.5587
1.5586
1.5579
1.5578
1.557
1.557
1.5571
1.5571
1.5572
1.5573
1.5572
1.5573
1.5574
1.5574
1.5572
1.5573
1.5572
1.5574
1.5573
1.5575
1.5574
1.5575
1.5581
1.558
1.5579
1.558
1.5579
1.558
1.558
1.5577
1.5578
1.5578
1.5578
1.5578
1.5579
1.558
1.558
1.5582
1.5582
1.5583
1.5583
1.5582
1.558
1.5572
1.5573
1.5575
1.5572
1.5576
1.5574
1.5575
1.5577
1.5578
1.5578
1.5578
1.5578
1.5578
1.5579
1.5581
1.5585
1.5585
1.5587
1.5589
1.5588
1.5589
1.5586
1.5586
1.5584
1.5582
1.5582
1.5578
1.5577
1.5576
1.5574
1.5574
1.5568
1.5562
1.5556
1.5558
1.556
1.556
1.556
1.5561
1.5562
1.5563
1.557
1.5563
1.5568
1.5574
1.5575
1.5573
1.5572
1.5574
1.5573
1.5577
1.5573
1.5577
1.5576
1.5575
1.5575
1.5576
1.5575
1.5573
1.5573
1.5568
1.5569
1.5571
1.5568
1.5568
1.5568
1.5568
1.5569
1.557
1.5572
1.5572
1.5569
1.5566
1.5567
1.5568
1.5568
1.5571
1.557
1.5575
1.557
1.5573
1.5571
1.5567
1.5565
1.5567
1.5568
1.5569
1.557
1.557
1.5571
1.557
1.5571
1.5571
1.5571
1.5572
1.5571
1.5571
1.5572
1.5573
1.5578
1.5579
1.5577
1.5577
1.5581
1.5583
1.5585
1.5585
1.5584
1.5584
1.5585
1.5587
1.5591
1.5593
1.5598
1.5599
1.5604
1.5617
1.5615
1.5616
1.5612
1.5609
1.561
1.561
1.5609
1.561
1.5608
1.5609
1.5607
1.5604
1.5606
1.5604
1.5606
1.5606
1.5605
1.5603
1.56
1.5601
1.5601
1.5603
1.5604
1.5604
1.56
1.5596
1.5595
1.5594
1.5592
1.5597
1.5599
1.5596
1.5596
1.5599
1.5601
1.5599
1.5601
1.5601
1.5597
1.5597
1.5592
1.5592
1.5593
1.5595
1.5594
1.5594
1.5594
1.5595
1.5592
1.559
1.5589
1.5588
1.5589
1.5589
1.5589
1.5589
1.5589
1.5588
1.5586
1.5588
1.5588
1.559
1.5591
1.5589
1.5588
1.5587
1.5588
1.5591
1.5591
1.5592
1.5592
1.5591
1.5589
1.5589
1.5591
1.5591
1.5592
1.5591
1.5589
1.5589
1.5589
1.5591
1.5593
1.5596
1.5595
1.5597
1.5598
1.5598
1.5598
1.5598
1.5599
1.5599
1.56
1.5604
1.5607
1.5605
1.5605
1.5613
1.5613
1.5614
1.5614
1.5624
1.5624
1.5634
1.5633
1.563
1.5627
1.5631
1.5633
1.5632
1.564
1.5637
1.5634
1.5629
1.5624
1.5619
1.5619
1.5619
1.562
1.5621
1.5622
1.5612
1.5605
1.5597
1.5599
1.5596
1.5599
1.56
1.5602
1.56
1.5599
1.5601
1.5601
1.5606
1.5605
1.5604
1.5609
1.5612
1.5617
1.5614
1.5614
1.5614
1.5613
1.5613
1.5603
1.5605
1.5604
1.5605
1.5598
1.56
1.5601
1.5595
1.5598
1.5595
1.5593
1.5594
1.5593
1.5598
1.5601
1.5601
1.5602
1.5601
1.5602
1.5604
1.5604
1.5603
1.5605
1.5604
1.5604
1.5606
1.5627
1.5627
1.5628
1.5627
1.5626
1.5627
1.5626
1.5626
1.5627
1.5629
1.5633
1.5636
1.5633
1.5638
1.5642
1.5638
1.5641
1.5638
1.5638
1.5636
1.5634
1.5638
1.5647
1.5643
1.5642
1.5645
1.5644
1.5638
1.5636
1.5636
1.5636
1.5636
1.5636
1.5637
1.5636
1.5638
1.5638
1.5638
1.5639
1.5638
1.5638
1.5636
1.5638
1.5637
1.5634
1.5634
1.5631
1.5625
1.5626
1.5626
1.5626
1.5628
1.5628
1.5626
1.5627
1.5628
1.5626
1.5626
1.5627
1.5628
1.5628
1.5629
1.563
1.5628
1.5629
1.5628
1.5629
1.5628
1.5629
1.5631
1.563
1.5631
1.5632
1.5631
1.5631
1.5631
1.5631
1.5634
1.5631
1.5634
1.5633
1.5634
1.5634
1.5634
1.5633
1.5631
1.563
1.5631
1.5631
1.5631
1.5631
1.5631
1.563
1.5628
1.5625
1.5625
1.5623
1.5619
1.5619
1.5619
1.5618
1.5607
1.5608
1.5609
1.5612
1.5618
1.562
1.5621
1.5621
1.5621
1.5622
1.5626
1.5625
1.5625
1.5624
1.5624
1.5625
1.5627
1.5627
1.5627
1.5626
1.5625
1.5626
1.5626
1.5626
1.5627
1.5626
1.5627
1.5627
1.5628
1.5629
1.5629
1.5629
1.5628
1.5631
1.5632
1.5633
1.5632
1.5632
1.5629
1.5625
1.5624
1.5623
1.562
1.5621
1.5622
1.5622
1.5622
1.5621
1.5622
1.5622
1.5624
1.5624
1.5624
1.5623
1.5622
1.5622
1.5622
1.5622
1.5622
1.5622
1.5621
1.562
1.562
1.562
1.562
1.562
1.562
