0.24721
0.247124
0.247308
0.247137
0.24732
0.247137
0.247308
0.247228
0.24713
0.247314
0.24713
0.247277
0.247329
0.247124
0.247301
0.24728
0.247277
0.247418
0.247378
0.247427
0.247277
0.247427
0.247412
0.247274
0.247409
0.247363
0.247415
0.247332
0.247237
0.247412
0.247304
0.247378
0.247366
0.247329
0.247482
0.247173
0.247479
0.247308
0.247332
0.24732
0.247173
0.247363
0.247329
0.247455
0.247286
0.247455
0.247326
0.247387
0.247027
0.24739
0.247455
0.247173
0.247455
0.247353
0.247292
0.247452
0.247226
0.247067
0.247452
0.247289
0.247268
0.247461
0.247283
0.24707
0.247498
0.247301
0.247234
0.247347
0.247015
0.247341
0.247311
0.247443
0.247283
0.247344
0.247301
0.247353
0.247317
0.247311
0.247467
0.247269
0.247271
0.247174
0.247323
0.247286
0.247231
0.247424
0.247259
0.24743
0.247174
0.247253
0.247
0.247304
0.247268
0.24725
0.247308
0.247274
0.247271
0.247446
0.247436
0.247061
0.247048
0.247271
0.247174
0.247009
0.247486
0.247015
0.247443
0.247283
0.247232
0.247015
0.247443
0.247301
0.247338
0.247021
0.247476
0.247082
0.247021
0.247476
0.247049
0.247174
0.247295
0.247239
0.247088
0.247449
0.24703
0.247341
0.247326
0.247317
0.247173
0.247317
0.247326
0.247455
0.247176
0.247298
0.247357
0.24717
0.247238
0.247021
0.247449
0.247317
0.247283
0.247055
0.247262
0.247277
0.247321
0.247058
0.247146
0.247369
0.247443
0.247173
0.247259
0.247049
0.24743
0.247246
0.247321
0.247149
0.24743
0.247259
0.247256
0.247152
0.247443
0.247263
0.247073
0.247217
0.247
0.247295
0.247146
0.247173
0.247155
0.247289
0.247222
0.247443
0.247464
0.247295
0.247304
0.24747
0.247173
0.247262
0.247304
0.24728
0.247283
0.247149
0.247321
0.247149
0.247286
0.247143
0.247295
0.247246
0.247265
0.247234
0.247418
0.247277
0.247265
0.247424
0.247143
0.247271
0.247201
0.247173
0.247301
0.247271
0.247302
0.247052
0.247183
0.247256
0.24743
0.247173
0.247256
0.247292
0.246994
0.247265
0.247176
0.24732
0.247289
0.247268
0.247088
0.247289
0.247155
0.247436
0.247009
0.247455
0.247033
0.247304
0.247335
0.247246
0.247277
0.247321
0.247137
0.247418
0.247143
0.247292
0.247167
0.24743
0.247292
0.247256
0.24714
0.24743
0.247256
0.247289
0.246994
0.247174
0.247256
0.247243
0.247289
0.247265
0.247277
0.247283
0.247198
0.247222
0.24717
0.247412
0.247252
0.247265
0.247256
0.247458
0.247265
0.247289
0.247155
0.247289
0.247311
0.247173
0.247237
0.247164
0.24728
0.247249
0.247149
0.24743
0.247249
0.247259
0.247134
0.247289
0.247137
0.247058
0.247265
0.247228
0.247363
0.247021
0.247298
0.247213
0.247246
0.247167
0.247277
0.247246
0.247173
0.247418
0.247249
0.247271
0.247137
0.247271
0.247277
0.247127
0.247201
0.247137
0.247418
0.247021
0.247321
0.247234
0.247127
0.247277
0.247234
0.247277
0.247161
0.247265
0.247161
0.247271
0.24714
0.247056
0.247444
0.247143
0.24713
0.247243
0.247127
0.247289
0.247234
0.247321
0.247164
0.247222
0.247265
0.247164
0.247216
0.247253
0.247421
0.246984
0.247127
0.247265
0.247134
0.247265
0.247134
0.24713
0.247271
0.247265
0.247124
0.247195
0.24724
0.24724
0.247124
0.24724
0.247124
0.247253
0.247173
0.24721
0.247158
0.24721
0.247246
0.24728
0.247161
0.247124
0.247406
0.24721
0.247161
0.247124
0.247265
0.247234
0.247256
0.247204
0.247219
0.247176
0.247173
0.247253
0.247219
0.247265
0.247152
0.247164
0.247271
0.247161
0.247222
0.247253
0.247124
0.247262
0.247259
0.24713
0.247271
0.247256
0.247265
0.247161
0.24721
0.247158
0.247124
0.247424
0.247173
0.246978
0.247424
0.247283
0.247256
0.247124
0.247237
0.247259
0.247161
0.247173
0.247158
0.247152
0.247268
0.247204
0.247265
0.247115
0.247256
0.247222
0.24724
0.247207
0.247207
0.247231
0.247271
0.247198
0.247231
0.247253
0.247191
0.247219
0.247185
0.247234
0.247194
0.247121
0.247394
0.246969
0.247181
0.247118
0.247259
0.247207
0.247124
0.2474
0.247006
0.247216
0.247231
0.247173
0.247231
0.247204
0.247412
0.24703
0.247204
0.247112
0.247253
0.247152
0.247216
0.246981
0.247289
0.247198
0.247234
0.247155
0.247246
0.247225
0.247256
0.247158
0.247213
0.247231
0.2474
0.246981
0.247228
0.247191
0.247216
0.247124
0.247216
0.247204
0.247231
0.247201
0.247201
0.247006
0.24724
0.247237
0.247234
0.247201
0.247234
0.247201
0.24712
0.247268
0.247253
0.247348
0.247268
0.247415
0.247292
0.247262
0.247296
0.247262
0.247262
0.247232
0.247268
0.247259
0.247286
0.247256
0.247437
0.247262
0.247311
0.247248
0.247283
0.24725
0.247101
0.247286
0.247262
0.247289
0.247253
0.24725
0.247247
0.247262
0.247259
0.24725
0.247104
0.247256
0.247247
0.247274
0.24725
0.247431
0.247277
0.247292
0.247286
0.247317
0.247286
0.247305
0.247253
0.247271
0.24724
0.247286
0.247277
0.247289
0.247308
0.247277
0.247283
0.247283
0.247265
0.247434
0.247292
0.247305
0.247213
0.247553
0.247415
0.247522
0.247485
0.247448
0.247503
0.247369
0.247427
0.247568
0.247049
0.247568
0.247403
0.247324
0.247128
0.247256
0.247219
0.24717
0.24735
0.247326
0.247204
0.247167
0.24735
0.24735
0.247256
0.247326
0.247262
0.247271
0.247262
0.247335
0.247274
0.247268
0.247341
0.247332
0.247338
0.247347
0.247188
0.247274
0.247357
0.24736
0.247231
0.247271
0.247246
0.247335
0.247326
0.247149
0.247283
0.24728
0.247283
0.24736
0.247213
0.247238
0.247335
0.247216
0.247268
0.247363
0.247268
0.247387
0.247323
0.247344
0.247363
0.247271
0.247344
0.247344
0.247268
0.24736
0.247338
0.247149
0.24736
0.247326
0.24736
0.247173
0.24728
0.247308
0.247109
0.247188
0.247066
0.247295
0.247173
0.247188
0.247091
0.247152
0.247161
0.247083
0.247352
0.247185
0.247142
0.247124
0.247268
0.24713
0.247034
0.247274
0.24717
0.24706
0.247274
0.247335
0.247246
0.247307
0.247202
0.247442
0.247271
0.24721
0.24745
0.247359
0.247366
0.247452
0.247349
0.247479
0.247543
0.247357
0.247525
0.247503
0.247555
0.247482
0.247506
0.24754
0.247485
0.247509
0.247509
0.247592
0.247558
0.247552
0.247583
0.247555
0.247485
0.247464
0.247623
0.247688
0.247626
0.24766
0.247776
0.247878
0.247884
0.247813
0.24785
0.247697
0.247862
0.247868
0.248091
0.247939
0.248256
0.248201
0.248216
0.248004
0.248007
0.247951
0.247979
0.247964
0.248108
0.248102
0.248084
0.24811
0.24808
0.248105
0.247954
0.248093
0.248105
0.248065
0.248127
0.248087
0.248117
0.248053
0.248096
0.248087
0.248068
0.248139
0.248093
0.248244
0.248241
0.24821
0.24825
0.248296
0.248336
0.248222
0.248179
0.248191
0.248133
0.248139
0.248235
0.248096
0.248114
0.248176
0.248154
0.248151
0.248253
0.248167
0.248133
0.248154
0.247994
0.248087
0.248114
0.248151
0.248176
0.248219
0.248117
0.24805
0.248025
0.248046
0.248016
0.247878
0.248104
0.248071
0.248114
0.24812
0.248047
0.248139
0.248105
0.247998
0.24797
0.248247
0.248333
0.248293
0.248274
0.248271
0.248518
0.248287
0.248299
0.248477
0.248355
0.248484
0.248487
0.248432
0.248537
0.248494
0.24848
0.248594
0.248589
0.248648
0.248566
0.248691
0.248629
0.248634
0.248978
0.248769
0.248787
0.248648
0.248725
0.248796
0.248778
0.248896
0.248917
0.248911
0.248979
0.249144
0.249097
0.249262
0.249139
0.24928
0.249252
0.249286
0.249296
0.24922
0.249409
0.2493
0.249485
0.249629
0.249744
0.249569
0.249576
0.249635
0.249598
0.249666
0.249679
0.24957
0.249573
0.249594
0.249433
0.249747
0.249775
0.249741
0.249871
0.249629
0.249785
0.249806
0.249745
0.249885
0.249781
0.249574
0.249691
0.249794
0.249994
0.249819
0.249806
0.249847
0.249803
0.249788
0.249828
0.249838
0.250081
0.249944
0.249947
0.249978
0.249772
0.249878
0.249864
0.249967
0.249903
0.249894
0.250022
0.249872
0.250009
0.25
0.249986
0.250022
0.249993
0.250084
0.250037
0.250185
0.250156
0.250097
0.250213
0.250163
0.250191
0.250175
0.25026
0.250238
0.250184
0.250175
0.250257
0.250203
0.250181
0.250175
0.250266
0.250266
0.250097
0.250272
0.250263
0.250398
0.250344
0.250521
0.250696
0.25063
0.250771
0.250633
0.250787
0.250658
0.250708
0.250762
0.250733
0.25076
0.250737
0.250815
0.250752
0.250781
0.251068
0.250998
0.251099
0.251446
0.251285
0.251338
0.251111
0.250879
0.251108
0.251017
0.250963
0.251225
0.251136
0.2512
0.250944
0.251064
0.251067
0.250821
0.25107
0.250957
0.250856
0.250998
0.250677
0.250762
0.250733
0.250724
0.250793
0.250743
0.250733
0.250457
0.250441
0.25041
0.250567
0.250451
0.250451
0.250141
0.250175
0.2501
0.250153
0.250275
0.250097
0.250216
0.250213
0.250163
0.250341
0.25021
0.250228
0.250203
0.250222
0.250153
0.250269
0.250206
0.250197
0.250241
0.250185
0.250193
0.250134
0.250169
0.250141
0.250172
0.250156
0.250175
0.25031
0.250091
0.25031
0.250203
0.250241
0.250185
0.250188
0.250185
0.250222
0.25016
0.250206
0.250191
0.25016
0.250203
0.250188
0.250203
0.250185
0.250206
0.250188
0.250185
0.25031
0.250178
0.2502
0.250185
0.250206
0.250185
0.250185
0.25031
0.250053
0.250188
0.25015
0.250197
0.250188
0.250257
0.250329
0.250253
0.250379
0.250307
0.250325
0.250361
0.250257
0.250383
0.25035
0.250344
0.250405
0.25025
0.25025
0.250185
0.250153
0.250227
0.250172
0.250141
0.250109
0.250094
0.250122
0.250072
0.250097
0.2501
0.249966
0.250219
0.250087
0.250153
0.250141
0.250153
0.250141
0.25021
0.250294
0.250423
0.250636
0.250357
0.250457
0.250514
0.250856
0.250825
0.250868
0.250821
0.250866
0.250865
0.250935
0.250812
0.250787
0.250935
0.250919
0.250963
0.250888
0.2509
0.250922
0.250884
0.250875
0.250826
0.25085
0.250869
0.250702
0.250815
0.250938
0.250803
0.250867
0.250861
0.250847
0.250869
0.250875
0.25068
0.250693
0.250746
0.250774
0.250771
0.250803
0.250737
0.250749
0.250557
0.250608
0.250564
0.250595
0.250561
0.250586
0.250856
0.250737
0.250677
0.250891
0.25073
0.250787
0.250749
0.250774
0.250765
0.250746
0.250888
0.250825
0.250774
0.250825
0.250932
0.250872
0.250872
0.250875
0.250752
0.250771
0.250636
0.250762
0.250809
0.250752
0.250853
0.25073
0.250853
0.250614
0.250737
0.250708
0.250799
0.250795
0.250806
0.250768
0.25074
0.25074
0.25084
0.250781
0.250771
0.250642
0.250614
0.250627
0.250548
0.250611
0.250746
0.250693
0.250689
0.250881
0.250715
0.250749
0.250749
0.250737
0.250693
0.250715
0.250844
0.250602
0.250749
0.250781
0.250743
0.250875
0.250759
0.250875
0.250847
0.251004
0.251001
0.250806
0.250916
0.250913
0.251026
0.250906
0.250973
0.250938
0.250828
0.250875
0.250944
0.250894
0.250991
0.250925
0.250904
0.250913
0.250881
0.251058
0.251054
0.251036
0.250963
0.251121
0.250988
0.250938
0.251105
0.250979
0.250963
0.251032
0.250963
0.250919
0.25091
0.25102
0.250973
0.250941
0.250857
0.250995
0.250941
0.250919
0.250796
0.250806
0.250872
0.250658
0.250787
0.250847
0.25073
0.250962
0.250847
0.250913
0.250818
0.25084
0.250903
0.250957
0.250843
0.250859
0.250925
0.25084
0.250894
0.250822
0.250935
0.250884
0.250869
0.250831
0.250913
0.250828
0.250913
0.250837
0.250834
0.250831
0.250897
0.250859
0.250869
0.25073
0.250884
0.250884
0.250828
0.250888
0.250847
0.250765
0.250878
0.250834
0.250897
0.250805
0.250837
0.250844
0.250982
0.250762
0.250844
0.250913
0.250828
0.250938
0.250803
0.251014
0.250891
0.251032
0.250752
0.250872
0.250919
0.250843
0.251032
0.25079
0.251032
0.250752
0.251032
0.250894
0.25079
0.250928
0.250636
0.250822
0.250733
0.250828
0.25085
0.250592
0.250831
0.250592
0.250777
0.250746
0.250781
0.25073
0.250743
0.25074
0.250743
0.250602
0.250595
0.250831
0.25073
0.25084
0.250595
0.250803
0.250721
0.250815
0.250693
0.250702
0.250784
0.250746
0.250727
0.250837
0.250718
0.250831
0.250721
0.250759
0.250762
0.250727
0.250655
0.250755
0.250721
0.250711
0.25073
0.250711
0.250749
0.250711
0.250866
0.250614
0.250762
0.250696
0.250765
0.25073
0.250787
0.250614
0.25073
0.250862
0.250708
0.250809
0.250737
0.250847
0.250699
0.25085
0.25079
0.250815
0.250853
0.250784
0.250844
0.250844
0.250866
0.250844
0.250815
0.250787
0.25085
0.250818
0.250878
0.25079
0.250815
0.25079
0.250941
0.250696
0.2509
0.250825
0.250815
0.250913
0.250721
0.25079
0.250844
0.25079
0.250825
0.250815
0.25079
0.250844
0.250844
0.250913
0.250721
0.250818
0.250809
0.250721
0.25079
0.250844
0.250762
0.250869
0.250803
0.250853
0.250806
0.250784
0.250903
0.250919
0.250815
0.250843
0.25084
0.250954
0.250831
0.250866
0.250847
0.250812
0.250888
0.250831
0.250843
0.250809
0.250872
0.250818
0.250815
0.250941
0.250891
0.250837
0.250737
0.250771
0.250866
0.250784
0.250888
0.250817
0.250779
0.250798
0.250781
0.2508
0.250779
0.250817
0.250817
0.250779
0.250817
0.25084
0.250897
0.250913
0.250812
0.250897
0.250859
0.250897
0.250806
0.250875
0.25096
0.250878
0.250885
0.250819
0.250938
0.250815
0.250897
0.2509
0.250793
0.250888
0.250944
0.250973
0.250844
0.250941
0.250781
0.250982
0.250995
0.250947
0.25108
0.250885
0.25101
0.251105
0.250991
0.250985
0.251111
0.250991
0.251017
0.250966
0.250991
0.250985
0.251111
0.250872
0.250985
0.251029
0.250963
0.251108
0.251014
0.25096
0.251017
0.251083
0.2509
0.251089
0.250988
0.250985
0.25102
0.250966
0.250985
0.250991
0.250985
0.251014
0.25096
0.251014
0.250985
0.251026
0.250985
0.251108
0.251096
0.250985
0.250988
0.250985
0.251108
0.250991
0.250954
0.251014
0.25096
0.251124
0.251014
0.251017
0.251042
0.250988
0.251017
0.251023
0.250969
0.251029
0.250995
0.250985
0.2509
0.251181
0.251007
0.251133
0.250932
0.251036
0.251017
0.25119
0.250966
0.251045
0.251067
0.250884
0.251196
0.25091
0.251118
0.25091
0.250885
0.251032
0.251001
0.251004
0.250982
0.25091
0.250878
0.250878
0.251064
0.250982
0.250885
0.25113
0.251004
0.25101
0.251007
0.251032
0.251007
0.25113
0.25091
0.250985
0.250903
0.250985
0.25101
0.250982
0.25101
