0.018044
0.018042
0.018045
0.018045
0.018046
0.018045
0.018045
0.018046
0.018052
0.018051
0.018051
0.018055
0.018055
0.018054
0.01805
0.018051
0.018047
0.01805
0.01805
0.01806
0.018051
0.018058
0.018061
0.018063
0.018063
0.018061
0.018051
0.018052
0.018062
0.018061
0.018061
0.018068
0.018068
0.018069
0.018066
0.018068
0.018066
0.018067
0.018065
0.018067
0.018068
0.018065
0.018068
0.018064
0.018066
0.018064
0.01807
0.018071
0.018077
0.01808
0.018078
0.018083
0.018081
0.018086
0.018091
0.018096
0.018093
0.018093
0.018084
0.018082
0.018085
0.018082
0.018077
0.018077
0.018073
0.018075
0.018079
0.018066
0.018067
0.018068
0.018068
0.018075
0.018077
0.018071
0.018072
0.018074
0.018071
0.018072
0.018075
0.018077
0.018075
0.018078
0.018073
0.018069
0.018067
0.018067
0.018064
0.01806
0.018062
0.01806
0.018067
0.018066
0.018068
0.018066
0.018065
0.018074
0.018074
0.018073
0.018077
0.018074
0.018078
0.018072
0.018073
0.01807
0.018072
0.018067
0.018068
0.018068
0.01807
0.018069
0.01806
0.018055
0.01806
0.018054
0.018054
0.018055
0.018062
0.018062
0.018065
0.018069
0.01806
0.018064
0.018066
0.018064
0.018065
0.018063
0.018064
0.018062
0.018066
0.018066
0.018077
0.018074
0.018078
0.018073
0.018075
0.018078
0.018077
0.01808
0.018077
0.018082
0.018077
0.018079
0.018073
0.018074
0.018063
0.018067
0.01807
0.018068
0.018067
0.018068
0.018068
0.018068
0.018072
0.018071
0.018073
0.018068
0.01807
0.01807
0.018074
0.018073
0.018075
0.018072
0.01808
0.018083
0.018081
0.018084
0.018081
0.018083
0.018081
0.018084
0.01808
0.018082
0.018077
0.018077
0.018071
0.018069
0.018068
0.018065
0.018067
0.018065
0.018062
0.018065
0.018066
0.018064
0.018068
0.018067
0.018068
0.018075
0.01808
0.018071
0.018071
0.018069
0.018077
0.018085
0.018094
0.01808
0.018081
0.018079
0.018077
0.018084
0.01808
0.018077
0.01808
0.018073
0.018077
0.018074
0.018082
0.018082
0.018081
0.018082
0.018082
0.018078
0.01808
0.018081
0.01809
0.018088
0.018089
0.018093
0.018088
0.018054
0.018059
0.018065
0.018083
0.018095
0.018104
0.018113
0.018123
