0.008251
0.008254
0.00826
0.008259
0.008255
0.008259
0.00826
0.008259
0.008266
0.008264
0.008259
0.008259
0.008251
0.008254
0.008258
0.008259
0.008258
0.008258
0.008259
0.008261
0.008259
0.008251
0.008263
0.008263
0.008261
0.008263
0.008263
0.008259
0.008265
0.008251
0.008254
0.008263
0.008261
0.008258
0.008254
0.008265
0.008261
0.00826
0.008251
0.008261
0.008262
0.008264
0.008258
0.008261
0.008265
0.008258
0.008261
0.008263
0.008263
0.008262
0.008258
0.008256
0.00826
0.008256
0.008257
0.008258
0.008257
0.008258
0.008261
0.008256
0.008265
0.00826
0.008263
0.008256
0.008258
0.008261
0.008253
0.008257
0.008262
0.008257
0.008262
0.008261
0.008256
0.008263
0.008261
0.008263
0.00825
0.008255
0.008262
0.008262
0.008261
0.008256
0.008257
0.008256
0.008256
0.008259
0.008257
0.008257
0.008256
0.008254
0.008254
0.00826
0.008248
0.008258
0.008258
0.008259
0.008255
0.008257
0.008258
0.008254
0.008258
0.008255
0.008258
0.008262
0.008258
0.008253
0.008252
0.008258
0.00826
0.008249
0.008252
0.008255
0.008256
0.008259
0.008258
0.008257
0.008258
0.008255
0.008255
0.00826
0.008257
0.008259
0.008267
0.008258
0.008254
0.00825
0.008263
0.00826
0.008261
0.008261
0.008259
0.00826
0.00826
0.008261
0.008258
0.008261
0.008263
0.008259
0.008262
0.008265
0.008262
0.008262
0.008258
0.008256
0.008259
0.008259
0.008256
0.008263
0.00826
0.008258
0.008256
0.00826
0.008259
0.008259
0.00825
0.008256
0.008261
0.008259
0.008265
0.008262
0.008258
0.008259
0.008258
0.008265
0.008263
0.008254
0.008258
0.00826
0.008259
0.008261
0.008262
0.008258
0.008258
0.008262
0.008264
0.008266
0.008258
0.008259
0.008263
0.008258
0.008258
0.008263
0.008256
0.008257
0.008259
0.008261
0.008262
0.008254
0.008253
0.008261
0.008257
0.008257
0.008264
0.008258
0.008259
0.008254
0.008262
0.008261
0.008262
0.008262
0.008259
0.008259
0.008268
0.008269
0.008258
0.008262
0.00826
0.008256
0.008258
0.008256
0.008265
0.008262
0.00826
0.008262
0.00826
0.008259
0.008269
0.008259
0.008259
0.008262
0.008258
0.008261
0.008259
0.008262
0.008261
0.008262
0.008265
0.008261
0.008262
0.008264
0.008254
0.008256
0.008262
0.00825
0.00826
0.008258
0.00825
0.008266
0.008263
0.00826
0.008257
0.00826
0.008259
0.008259
0.008268
0.008259
0.008259
0.008262
0.008261
0.008259
0.008254
0.008263
0.008259
0.008259
0.008258
0.008265
0.008261
0.008262
0.008265
0.008257
0.008257
0.008261
0.008258
0.008254
0.008251
0.008263
0.008261
0.008258
0.008262
0.008259
0.00826
0.008264
0.008261
0.008259
0.008261
0.008261
0.008259
0.00826
0.008261
0.008265
0.008262
0.008264
0.008266
0.008256
0.008261
0.008264
0.008259
0.00826
0.00826
0.00826
0.00826
0.008261
0.008259
0.008259
0.008263
0.008265
0.008265
0.008268
0.008271
0.008263
0.008264
0.008263
0.008263
0.008265
0.008264
0.008263
0.008264
0.008265
0.008264
0.00826
0.00826
0.008265
0.00826
0.008268
0.008264
0.008264
0.008264
0.008265
0.008268
0.008267
0.008263
0.008268
0.008263
0.008263
0.008263
0.008263
0.008263
0.008264
0.008263
0.008263
0.008263
0.008264
0.008263
0.008263
0.008262
0.008263
0.008259
0.008263
0.008264
0.008264
0.008264
0.008263
0.008265
0.008266
0.008265
0.008265
0.008269
0.008272
0.008269
0.008262
0.008263
0.008267
0.008268
0.008272
0.008273
0.00827
0.008269
0.00827
0.00827
0.008269
0.008269
0.008267
0.008268
0.008269
0.008272
0.008275
0.008272
0.008275
0.008271
0.008267
0.008267
0.008267
0.008266
0.008274
0.008271
0.008265
0.008265
0.008269
0.008265
0.008267
0.008268
0.008268
0.008267
0.008267
0.008266
0.00827
0.008274
0.00827
0.008274
0.008271
0.008269
0.008272
0.008268
0.008268
0.008268
0.008269
0.008262
0.008269
0.008272
0.008269
0.008269
0.00827
0.008269
0.00827
0.008269
0.00827
0.008269
0.008269
0.008269
0.008262
0.00827
0.008267
0.008263
0.008269
0.008269
0.008264
0.008268
0.008264
0.008268
0.008273
0.008262
0.008265
0.008269
0.00827
0.008269
0.00827
0.008269
0.008267
0.008271
0.008275
0.008271
0.008275
0.008272
0.008267
0.008268
0.008268
0.008269
0.008264
0.008268
0.008268
0.008269
0.00826
0.008265
0.008269
0.008265
0.008269
0.008264
0.008264
0.008264
0.008264
0.008267
0.008263
0.008266
0.008259
0.008263
0.008267
0.008267
0.008267
0.008267
0.008267
0.008262
0.008265
0.008266
0.008265
0.008265
0.008266
0.008259
0.008263
0.008271
0.008267
0.008267
0.008262
0.008271
0.008268
0.008264
0.008267
0.008271
0.008268
0.008268
0.008268
0.008268
0.008272
0.008271
0.008268
0.008268
0.008267
0.008263
0.008267
0.008264
0.008266
0.008265
0.008265
0.008265
0.008265
0.008266
0.00827
0.008265
0.008264
0.008264
0.008265
0.008266
0.008266
0.008266
0.008265
0.008263
0.008264
0.008265
0.008262
0.008261
0.008264
0.008264
0.008267
0.008263
0.008263
0.008262
0.008267
0.008263
0.008265
0.008258
0.008258
0.008263
0.008262
0.008262
0.008263
0.008266
0.008265
0.00826
0.008266
0.008261
0.008259
0.008262
0.008257
0.008261
0.008263
0.008261
0.008254
0.00826
0.008261
0.008258
0.008258
0.008258
0.008255
0.008262
0.008264
0.00826
0.008261
0.00826
0.008255
0.008267
0.00826
0.008254
0.008261
0.008261
0.008254
0.00826
0.008257
0.008256
0.008261
0.008268
0.008256
0.008255
0.008254
0.00826
0.00826
0.008262
0.008262
0.008263
0.008262
0.008258
0.008259
0.008262
0.008265
0.008263
0.008269
0.008271
0.008271
0.008269
0.008269
0.008271
0.00827
0.008271
0.008269
0.008273
0.008272
0.008273
0.008267
0.00827
0.008272
0.008268
0.008269
0.008268
0.008266
0.008271
0.008267
0.008272
0.008268
0.008267
0.008272
0.008269
0.008272
0.008268
0.008269
0.008271
0.008274
0.008268
0.00827
0.008268
0.008274
0.00827
0.008273
0.008273
0.008271
0.008277
0.008274
0.008272
0.008276
0.008275
0.008272
0.008278
0.008277
0.008276
0.00827
0.008275
0.008274
0.00827
0.008273
0.008275
0.008272
0.008273
0.008268
0.008272
0.008267
0.00827
0.008267
0.00827
0.008268
0.008266
0.008268
0.008265
0.008265
0.008266
0.00827
0.008259
0.008265
0.008258
0.008259
0.008258
0.008261
0.00826
0.008259
0.008262
0.008262
0.008264
0.008261
0.008262
0.00826
0.00826
0.008264
0.00826
0.008255
0.008255
0.008253
0.008253
0.008261
0.00826
0.008261
0.008258
0.008258
0.008259
0.008258
0.008259
0.008258
0.00826
0.008259
0.008259
0.008261
0.008258
0.008258
0.008257
0.008256
0.008257
0.008257
0.008258
0.008256
0.008258
0.008257
0.008253
0.008252
0.00825
0.008253
0.008253
0.008254
0.008254
0.008254
0.008256
0.008256
0.008256
0.008253
0.00825
0.008254
0.008255
0.008254
0.008255
0.008254
0.008258
0.008257
0.008258
0.008254
0.008254
0.008254
0.008254
0.008253
0.008253
0.008251
0.008252
0.008252
0.008254
0.008253
0.008255
0.008254
0.008254
0.008255
0.008254
0.008255
0.008255
0.008255
0.008255
0.008255
0.008255
0.008254
0.008259
0.008258
0.008257
0.008259
0.008259
0.008258
0.008259
0.008259
0.008261
0.008261
0.008262
0.00826
0.00826
0.008263
0.008263
0.008262
0.008265
0.008264
0.008264
0.008267
0.008268
0.008267
0.00827
0.008272
0.008276
0.008275
0.008274
0.008283
0.008282
0.00828
0.008281
0.00828
0.008278
0.008279
0.008279
0.008276
0.008277
0.008275
0.008278
0.008271
0.008271
0.008272
0.008271
0.008269
0.008269
0.00827
0.00827
0.008271
0.00827
0.008272
0.008271
0.008271
0.008269
0.008269
0.008268
0.008269
0.008268
0.008269
0.008268
0.00827
0.00827
0.00827
0.008266
0.008266
0.008266
0.008264
0.008263
0.008263
0.008264
0.008264
0.008264
0.008262
0.008266
0.008269
0.00827
0.008267
0.008266
0.008265
0.00827
0.008268
0.008269
0.008267
0.008268
0.008268
0.008269
0.008265
0.008264
0.008265
0.008263
0.008264
0.008264
0.008263
0.008264
0.008265
0.008264
0.008264
0.008264
0.008264
0.008265
0.008264
0.008266
0.008265
0.008265
0.008263
0.008263
0.008263
0.008261
0.008261
0.008262
0.008261
0.008261
0.00826
0.00826
0.008259
0.008263
0.008262
0.008262
0.00826
0.008261
0.008262
0.008264
0.008264
0.008261
0.008261
0.008261
0.008261
0.008261
0.008262
0.008261
0.008263
0.008263
0.008264
0.008263
0.008262
0.008263
0.008262
0.008262
0.00826
0.00826
0.008261
0.008261
0.00826
0.008264
0.008262
0.008262
0.008265
0.008264
0.008264
0.008261
0.008261
0.008262
0.008262
0.008263
0.008262
0.008262
0.008261
0.008263
0.008262
0.008266
0.008266
0.008264
0.008265
0.008266
0.008267
0.008266
0.008265
0.008268
0.008268
0.008268
0.008269
0.008268
0.008273
0.008272
0.008273
0.00827
0.00827
0.008271
0.008271
0.008276
0.008275
0.00828
0.00828
0.008281
0.008279
0.00828
0.008283
0.00828
0.008282
0.008291
0.008298
0.008288
0.008288
0.008291
0.008287
0.00829
0.008293
0.008289
0.008293
0.008293
0.008295
0.008284
0.008285
0.008287
0.008283
0.008281
0.008278
0.008281
0.00828
0.008278
0.008282
0.008282
0.008281
0.008283
0.008282
0.008285
0.008283
0.008283
0.008269
0.008267
0.008266
0.008267
0.008268
0.008271
0.008271
0.008268
0.00827
0.008272
0.008273
0.008272
0.008272
0.008274
0.008277
0.008277
0.008275
0.008278
0.008277
0.008279
0.008278
0.008278
0.008278
0.008284
0.008286
0.008284
0.008283
0.008283
0.008283
0.008282
0.008277
0.008276
0.008271
0.00827
0.008273
0.008274
0.008272
0.008276
0.008275
0.008281
0.00828
0.008272
0.008272
0.008271
0.008274
0.008272
0.008272
0.008269
0.008271
0.008273
0.008271
0.008272
0.008275
0.00828
0.008279
0.008279
0.008284
0.008283
0.008281
0.008283
0.00828
0.008281
0.008281
0.008281
0.008283
0.008283
0.008282
0.008281
0.008285
0.008284
0.008285
0.008284
0.008284
0.008281
0.008285
0.008285
0.008286
0.008283
0.008283
0.008286
0.008287
0.008292
0.008291
0.008292
0.008288
0.008289
0.00829
0.008291
0.008289
0.008289
0.008287
0.00829
0.008288
0.008292
0.008292
0.008292
0.008296
0.008297
0.008294
0.008297
0.008299
0.0083
0.008294
0.008294
0.008294
0.008296
0.008295
0.008294
0.008293
0.008294
0.008297
0.008305
0.008305
0.008304
0.008299
0.008299
0.008297
0.008299
0.008299
0.008302
0.008299
0.0083
0.008297
0.008297
0.008294
0.008294
0.008296
0.008294
0.008292
0.008293
0.008294
0.008292
0.008295
0.008294
0.008293
0.008295
0.008295
0.008298
0.008298
0.008298
0.008301
0.008301
0.0083
0.0083
0.008299
0.008302
0.0083
0.0083
0.008297
0.008297
0.008297
0.008299
0.008298
0.008297
0.008298
0.008296
0.008296
0.008296
0.008296
0.008296
0.008296
0.008296
0.008295
0.008296
0.008296
0.008293
0.008293
0.008293
0.008292
0.008292
0.008293
0.008293
0.008294
0.008293
0.008293
0.008293
0.008293
0.008293
0.008294
0.008296
0.008295
0.008296
0.008293
0.008294
0.008295
0.008292
0.008292
0.008292
0.008292
0.008293
0.008293
0.008293
0.008295
0.008295
0.008295
0.008294
0.008294
0.008295
0.008294
0.008294
0.008295
0.008293
0.008294
0.008294
0.008295
0.008293
0.008295
0.008293
0.008294
0.008293
0.008295
0.008294
0.008294
0.008295
0.008293
0.008293
0.008293
0.008295
0.008295
0.008295
0.008293
0.008297
0.008296
0.008296
0.008297
0.008296
0.008296
0.008297
0.008298
0.008296
0.008296
0.008297
0.008296
0.008297
0.008297
0.008298
0.008297
0.008297
0.008297
0.008296
0.008296
0.008296
0.008293
0.008296
0.008295
0.008296
0.008296
0.008297
0.008296
0.008298
0.008298
0.008297
0.008296
0.008297
0.008297
0.008297
0.008297
0.008295
0.008295
0.008296
0.008295
0.008296
0.008296
0.008295
0.008295
0.008295
0.008296
0.008295
0.008296
0.008296
0.008296
0.008292
0.008296
0.008295
0.008293
0.008296
0.008296
0.008296
0.008296
0.008296
0.008295
0.008295
0.008293
0.008292
0.008292
0.008292
0.008293
0.008292
0.00829
0.008289
0.008289
0.008289
0.00828
0.008284
0.008286
0.008286
0.008286
0.008286
0.008284
0.008285
0.008283
0.008284
0.008283
0.008283
0.008282
0.008283
0.008284
0.008284
0.008282
0.008285
0.00829
0.008289
0.008289
0.008291
0.00829
0.00829
0.008292
0.008287
0.008289
0.008289
0.008289
0.008292
0.008292
0.00829
0.008291
0.008294
0.008293
0.008293
0.008291
0.008293
0.008292
0.008293
0.008292
0.008293
0.008291
0.008294
0.008294
0.008293
0.008294
0.008293
0.008292
0.008296
0.008292
0.008295
0.008297
0.008293
0.008293
0.008294
0.008294
0.008296
0.008296
0.0083
0.008299
0.008301
0.008296
0.008297
0.0083
0.008303
0.008298
0.008295
0.008295
0.008297
0.008298
0.008297
0.008298
0.008298
0.008298
0.008299
0.008296
0.008296
0.008299
0.008295
0.008299
0.008302
0.008303
0.008299
0.008294
0.008303
0.008303
0.008298
0.008299
0.008298
0.008299
0.008295
0.008294
0.008297
0.008298
0.008298
0.008303
0.008299
0.008299
0.008298
0.008297
0.008294
0.008292
0.008291
0.008299
0.008296
0.008292
0.008295
0.0083
0.0083
0.008297
0.008297
0.008293
0.008293
0.008295
0.008286
0.008289
0.008295
0.008295
0.008292
0.008295
0.008295
0.008296
0.008295
0.008296
0.008292
0.008295
0.008295
0.008299
0.008297
0.008293
0.008299
0.008299
0.008296
0.008296
0.008295
0.008291
0.008294
0.008294
0.0083
0.008296
0.008294
0.008292
0.008296
0.008294
0.008296
0.008296
0.008294
0.008295
0.008291
0.008295
0.008298
0.008294
0.008293
