0.012792
0.012791
0.012793
0.012793
0.012794
0.012792
0.012792
0.01279
0.012791
0.012791
0.012791
0.01279
0.01279
0.01279
0.012789
0.01279
0.01279
0.012791
0.012789
0.012789
0.012789
0.012789
0.01279
0.012789
0.012789
0.012788
0.01279
0.012791
0.012791
0.012789
0.012789
0.012789
0.01279
0.012789
0.012789
0.012791
0.012788
0.012789
0.01279
0.012789
0.012791
0.01279
0.01279
0.01279
0.012788
0.012788
0.012789
0.012789
0.012792
0.012793
0.012792
0.012794
0.012793
0.012793
0.012793
0.012793
0.012793
0.012793
0.012792
0.012794
0.012793
0.012793
0.012794
0.012794
0.012794
0.012795
0.012793
0.012792
0.012793
0.012792
0.012792
0.012792
0.012793
0.012789
0.012789
0.012789
0.01279
0.012789
0.012789
0.012793
0.012793
0.012793
0.012793
0.012791
0.012792
0.012791
0.012789
0.01279
0.01279
0.012791
0.012791
0.012791
0.01279
0.012793
0.012793
0.012793
0.012792
0.012793
0.012792
0.012791
0.012794
0.012792
0.012792
0.012794
0.012794
0.012793
0.012795
0.012795
0.012795
0.012796
0.012796
0.012796
0.012797
0.012794
0.012794
0.012795
0.012794
0.012795
0.012794
0.012795
0.012795
0.012794
0.012794
0.012794
0.012796
0.012796
0.012796
0.012794
0.012794
0.012795
0.012795
0.012795
0.012795
0.012795
0.012795
0.012795
0.012797
0.012797
0.012797
0.012794
0.012794
0.012794
0.012793
0.012795
0.012793
0.012794
0.012792
0.012794
0.012794
0.012794
0.012794
0.012793
0.012794
0.012794
0.012793
0.012796
0.012795
0.012795
0.012794
0.012795
0.012795
0.012794
0.012792
0.012792
0.012792
0.012793
0.012792
0.012792
0.012792
0.012796
0.012796
0.012794
0.012795
0.012794
0.012793
0.012795
0.012794
0.012794
0.012796
0.012797
0.012799
0.012796
0.012796
0.012796
0.012797
0.012796
0.012796
0.012797
0.012796
0.012795
0.012795
0.012795
0.012795
0.012795
0.012796
0.012795
0.012795
0.012795
0.012801
0.012799
0.012799
0.012801
0.012801
0.012801
0.012802
0.0128
0.012799
0.012799
0.012797
0.012797
0.012801
0.012801
0.0128
0.012797
0.012798
0.012798
0.012799
0.012798
0.012799
0.012799
0.012798
0.012798
0.012798
0.012801
0.0128
0.0128
0.012799
0.012801
0.012801
0.012799
0.0128
0.0128
0.0128
0.012803
0.012803
0.012804
0.012802
0.012803
0.012803
0.012801
0.012801
0.0128
0.012802
0.012801
0.012801
0.012801
0.012802
0.012801
0.012801
0.012796
0.012797
0.012797
0.012797
0.012797
0.012798
0.012796
0.012799
0.012798
0.012798
0.012798
0.012799
0.012799
0.012798
0.012795
0.012795
0.012795
0.012797
0.012793
0.012793
0.012794
0.012792
0.012792
0.012793
0.012791
0.012792
0.012793
0.012794
0.012792
0.012793
0.012794
0.012795
0.012794
0.012794
0.012793
0.012793
0.012793
0.012796
0.012796
0.012796
0.012797
0.012795
0.012795
0.012795
0.012796
0.012795
0.012795
0.012793
0.012793
0.012793
0.01279
0.01279
0.012791
0.012793
0.012792
0.012792
0.012792
0.012794
0.012793
0.012794
0.012793
0.012795
0.012795
0.012795
0.012795
0.012796
0.012795
0.012795
0.012795
0.012794
0.012794
0.012795
0.012796
0.012796
0.012796
0.012794
0.012796
0.012796
0.012795
0.012797
0.012796
0.012796
0.012796
0.012794
0.012794
0.012794
0.012793
0.012795
0.012795
0.012797
0.012796
0.012796
0.012797
0.012794
0.012794
0.012795
0.012794
0.012796
0.012795
0.012793
0.012793
0.012793
0.012792
0.012793
0.012793
0.012793
0.012794
0.012792
0.012793
0.012793
0.012794
0.012793
0.012793
0.012793
0.012794
0.012792
0.012793
0.012793
0.012793
0.012793
0.012792
0.012794
0.012793
0.012793
0.012794
0.012793
0.012793
0.012793
0.012793
0.012797
0.012797
0.012797
0.012792
0.012792
0.012788
0.01279
0.01279
0.01279
0.012788
0.012788
0.012787
0.01279
0.012788
0.012788
0.012788
0.012786
0.012786
0.012786
0.012784
0.012784
0.012785
0.012784
0.012784
0.012785
0.012783
0.012782
0.012782
0.012785
0.012785
0.012785
0.012785
0.012788
0.012788
0.012789
0.012788
0.012788
0.012788
0.012783
0.012784
0.012784
0.012784
0.012787
0.012786
0.012786
0.012788
0.012787
0.012787
0.012788
0.012785
0.012788
0.012787
0.012786
0.012788
0.012787
0.012787
0.012788
0.012786
0.012787
0.012787
0.012788
0.012787
0.012787
0.012786
0.012788
0.012788
0.012788
0.012787
0.012787
0.012788
0.012788
0.012789
0.012789
0.012789
0.012785
0.012786
0.012785
0.012785
0.012787
0.012786
0.012786
0.012786
0.012784
0.012785
0.012785
0.012788
0.012788
0.012788
0.012789
0.012787
0.012788
0.012787
0.012789
0.012787
0.012787
0.012787
0.01279
0.01279
0.01279
0.012792
0.012792
0.012792
0.012791
0.012791
0.012792
0.012791
0.012791
0.012791
0.01279
0.012791
0.012791
0.012791
0.01279
0.012791
0.01279
0.01279
0.012789
0.012789
0.012789
0.012791
0.012789
0.012789
0.012791
0.012791
0.012791
0.012791
0.012793
0.012792
0.012792
0.012792
0.012793
0.012792
0.012795
0.012793
0.012793
0.012793
0.012791
0.012793
0.012792
0.012792
0.012791
0.012791
0.012792
0.012792
0.012791
0.012791
0.012791
0.012792
0.01279
0.01279
0.012789
0.012791
0.012791
0.012791
0.012789
0.012789
0.01279
0.012791
0.012788
0.012788
0.012788
0.012785
0.012785
0.012785
0.012784
0.012787
0.012787
0.012787
0.012785
0.012786
0.012786
0.012785
0.012786
0.012785
0.012785
0.012785
0.012785
0.012785
0.012786
0.012788
0.012788
0.012784
0.012784
0.012781
0.012782
0.012782
0.012782
0.012782
0.012782
0.012782
0.012781
0.012782
0.012782
0.012782
0.012782
0.012782
0.012782
0.012784
0.012783
0.012783
0.012781
0.012781
0.012781
0.012776
0.012776
0.012776
0.012778
0.012777
0.012776
0.012776
0.012779
0.012778
0.012778
0.01278
0.012779
0.012779
0.01278
0.012778
0.012779
0.012779
0.01278
0.012778
0.012779
0.012779
0.012779
0.012777
0.012778
0.012779
0.012779
0.012778
0.012778
0.012781
0.01278
0.01278
0.012782
0.012781
0.01278
0.012781
0.012781
0.012779
0.01278
0.01278
0.012781
0.01278
0.012781
0.01278
0.012778
0.012779
0.01278
0.012784
0.012783
0.012783
0.012783
0.012784
0.012783
0.012783
0.012783
0.012783
0.012783
0.012783
0.012785
0.012783
0.012784
0.012784
0.012783
0.012784
0.012784
0.012783
0.012785
0.012785
0.012785
0.012785
0.012783
0.012783
0.012782
0.012783
0.012784
0.012787
0.012786
0.012785
0.012781
0.012782
0.012782
0.012779
0.01278
0.01278
0.012781
0.012779
0.012779
0.012781
0.012781
0.012781
0.012781
0.012783
0.012782
0.012782
0.012781
0.012782
0.012782
0.012782
0.012782
0.01278
0.012781
0.012781
0.012781
0.012778
0.012778
0.012777
0.01278
0.01278
0.012783
0.012784
0.012783
0.012785
0.012784
0.012784
0.012783
0.012785
0.012784
0.012785
0.012785
0.012782
0.012782
0.012782
0.012781
0.012782
0.012781
0.012781
0.012785
0.012784
0.012784
0.012784
0.012782
0.012782
0.012784
0.012781
0.012782
0.012782
0.012782
0.012781
0.012782
0.012782
0.012782
0.012781
0.012781
0.012781
0.012778
0.012778
0.012778
0.01278
0.01278
0.01278
0.012779
0.012782
0.012782
0.012783
0.012779
0.012779
0.01278
0.012776
0.012779
0.012779
0.012779
0.012777
0.012778
0.012778
0.012779
0.012775
0.012775
0.012776
0.012774
0.012774
0.012774
0.012774
0.012775
0.012774
0.012775
0.012774
0.012777
0.012777
0.012777
0.012779
0.012779
0.012779
0.012778
0.012778
0.012776
0.012776
0.012776
0.012777
0.012777
0.012777
0.012777
0.012777
0.012777
0.012777
0.012775
0.012777
0.012776
0.012775
0.012775
0.012778
0.012776
0.012776
0.012775
0.012776
0.012776
0.012776
0.012772
0.012772
0.012771
0.012773
0.012773
0.012773
0.012773
0.012773
0.012773
0.012772
0.012773
0.012773
0.012773
0.012773
0.012772
0.012773
0.012774
0.012775
0.012774
0.012774
0.012774
0.012774
0.012774
0.012774
0.012775
0.012774
0.012774
0.012774
0.012775
0.012775
0.012775
0.012775
0.012778
0.012778
0.012778
0.012777
0.01278
0.012777
0.012777
0.012776
0.012778
0.012777
0.012777
0.012778
0.012775
0.012775
0.012776
0.012774
0.012774
0.012775
0.012775
0.012774
0.012775
0.012775
0.012775
0.012776
0.012776
0.012776
0.012774
0.012775
0.012775
0.012775
0.012774
0.012774
0.012777
0.012776
0.012776
0.012775
0.012775
0.012776
0.012775
0.012777
0.012777
0.012777
0.012776
0.012778
0.012777
0.012777
0.012778
0.012778
0.012778
0.012781
0.012781
0.012782
0.012787
0.012786
0.012786
0.012784
0.012784
0.012785
0.012785
0.012785
0.012785
0.012785
0.012785
0.012782
0.012782
0.01278
0.012781
0.01278
0.012782
0.012781
0.012781
0.012781
0.01278
0.01278
0.012781
0.012779
0.01278
0.01278
0.01278
0.012777
0.012778
0.012778
0.012777
0.01278
0.012779
0.012779
0.012776
0.01278
0.01278
0.01278
0.012781
0.01278
0.012782
0.012782
0.012783
0.012781
0.012782
0.012782
0.012782
0.01278
0.01278
0.012781
0.012779
0.01278
0.01278
0.01278
0.012782
0.012782
0.012782
0.012784
0.012784
0.012782
0.012787
0.012788
0.012789
0.012786
0.012786
0.012786
0.012789
0.012788
0.012789
0.012789
0.012786
0.012786
0.012786
0.012787
0.012787
0.012791
0.012789
0.01279
0.01279
0.012789
0.012789
0.012789
0.01279
0.012788
0.012788
0.012788
0.012788
0.012789
0.01279
0.012787
0.012787
0.01279
0.012789
0.012788
0.012789
0.012789
0.01279
0.012788
0.012789
0.012789
0.012787
0.012788
0.012788
0.012787
0.01279
0.012791
0.012792
0.01279
0.012789
0.012789
0.012791
0.012791
0.01279
0.01279
0.012792
0.012792
0.012792
0.012791
0.012794
0.012793
0.012793
0.012794
0.012791
0.012791
0.012793
0.012794
0.012794
0.012793
0.012793
0.012792
0.012793
0.012793
0.012795
0.012795
0.012794
0.012795
0.012795
0.012797
0.012796
0.012796
0.012797
0.012797
0.012797
0.012793
0.012793
0.012792
0.012794
0.012794
0.012794
0.012792
0.012796
0.012796
0.012796
0.012797
0.012796
0.012796
0.012794
0.012795
0.012795
0.012793
0.012793
0.012793
0.012791
0.012791
0.012791
0.012791
0.012792
0.012792
0.012792
0.012792
0.012791
0.012791
0.012791
0.012791
0.012797
0.012797
0.012797
0.012794
0.012794
0.012795
0.012795
0.012793
0.012794
0.012794
0.012795
0.012792
0.012793
0.012794
0.012792
0.012792
0.012792
0.012791
0.012792
0.012792
0.012792
0.012796
0.012796
0.012793
0.012795
0.012795
0.012795
0.012794
0.012795
0.012795
0.012797
0.012794
0.012793
0.012787
0.012788
0.012787
0.012792
0.012792
0.012793
0.012788
0.01279
0.012791
0.012791
0.012788
0.012791
0.012791
0.012791
0.01279
0.01279
0.012791
0.012792
0.012792
0.012792
0.012787
0.012787
0.012787
0.012784
0.012785
0.012784
0.012783
0.012787
0.012787
0.012786
0.012787
0.012783
0.012785
0.012784
0.012782
0.012785
0.012784
0.012785
0.012789
0.012789
0.012788
0.012789
0.012789
0.012789
0.012787
0.012788
0.012788
0.01278
0.012784
0.012784
0.012786
0.012785
0.012783
0.012783
0.012783
0.012785
0.012782
0.012783
0.012782
0.012781
0.012783
0.012784
0.012784
0.012783
0.012783
0.012784
0.012784
0.012775
0.012777
0.012777
0.012777
0.01278
0.012779
0.012779
0.012777
0.012785
0.012783
0.012783
0.012782
0.012783
0.012783
0.012783
0.012781
0.012781
0.012781
0.012784
0.012782
0.012782
0.012783
0.012782
0.012782
0.012782
0.012789
0.012788
0.012788
0.012785
0.012785
0.012785
0.012783
0.012785
0.012784
0.012784
0.012783
0.012788
0.012788
0.012788
0.012787
0.01279
0.012789
0.012789
0.012789
0.012788
0.012789
0.012789
0.012789
0.012791
0.012792
0.012795
0.012793
0.012793
0.012794
0.012793
0.012793
0.012792
0.012795
0.012793
0.012793
0.012793
0.012796
0.012796
0.012796
0.012797
0.012797
0.012796
0.012796
0.012799
0.012798
0.012798
0.012802
0.012802
0.012802
0.012798
0.012805
0.012805
0.012802
0.012805
0.012805
0.012805
0.012803
0.012802
0.012803
0.012802
0.012803
0.012802
0.012801
0.012803
0.012802
0.012802
0.012811
0.01281
0.01281
0.012805
0.012805
0.012805
0.012808
0.012808
0.012813
0.012809
0.012809
0.012811
0.012806
0.012806
0.012806
0.012805
0.012805
0.012805
0.012806
0.012803
0.012803
0.012803
0.012806
0.012806
0.012806
0.012807
0.012806
0.012806
0.012806
0.012805
0.012805
0.012805
0.012805
0.012803
0.012804
0.012804
0.012806
0.012805
0.012805
0.012803
0.012805
0.012805
0.012805
0.012803
0.012804
0.012804
0.012805
0.012803
0.012803
0.012803
0.012803
0.012805
0.012804
0.012803
0.012804
0.0128
0.012801
0.012802
0.012802
0.012801
0.012801
0.012801
0.0128
0.0128
0.0128
0.012797
0.012797
0.012797
0.012798
0.012797
0.012797
0.012797
0.012796
0.012797
0.012797
0.012797
0.012796
0.012797
0.012796
0.012798
0.012796
0.012795
0.012794
0.012795
0.012795
0.012799
0.012798
0.012798
0.012798
0.012798
0.012798
0.012798
0.012798
0.0128
0.012799
0.012799
0.012799
0.012798
0.012798
0.012798
0.012799
0.012797
0.012797
0.0128
0.012798
0.012798
0.012799
0.012798
0.012798
0.012798
0.012795
0.012795
0.012795
0.012794
0.012796
0.012795
0.012795
0.012798
0.012798
0.012798
0.012799
0.012798
0.012798
0.012798
0.012797
0.012798
0.012798
0.012794
0.012794
0.012791
0.012791
0.012792
0.012796
0.012795
0.012795
0.012794
0.012797
0.012795
0.012795
0.012795
0.012796
0.012795
0.012795
0.012796
0.012795
0.012795
0.012796
0.012792
0.012793
0.012793
0.012795
0.012793
0.012794
0.012794
0.012794
0.012795
0.012795
0.012795
0.012796
0.012796
0.012796
0.012795
0.012796
0.012796
0.012796
0.012796
0.012795
0.012795
0.012795
0.012794
0.012794
0.012794
0.012794
0.012793
0.012794
0.012794
0.012793
0.012795
0.012795
0.012795
0.012796
0.012795
0.012795
0.012796
0.012794
0.012794
0.012793
0.012795
0.012795
0.012795
0.012795
0.012793
0.012793
0.012793
0.012793
0.012795
0.012794
0.012794
0.012793
0.012793
0.012793
0.012793
0.012792
0.012793
0.012793
0.012791
0.012791
0.01279
0.012791
0.012791
0.012791
0.012791
0.01279
0.01279
0.01279
0.01279
0.01279
0.012791
0.01279
0.01279
0.01279
0.012792
0.012791
0.012791
0.012794
0.012794
0.012794
0.012796
0.012796
0.012799
0.012799
0.012798
0.012797
0.0128
0.0128
0.0128
0.012801
0.0128
0.0128
0.0128
0.012799
0.0128
0.0128
0.0128
0.012798
0.012799
0.012799
0.0128
0.012798
0.012799
0.012799
0.012797
0.012799
0.012799
0.0128
0.012798
0.012799
0.012799
0.012799
0.0128
0.012801
0.012802
0.012801
0.012801
0.012801
0.012798
0.012799
0.0128
0.0128
0.012799
0.012798
0.012798
0.012799
0.012798
0.012799
0.012798
0.012799
0.012799
0.012798
0.0128
0.0128
0.0128
0.012797
0.012798
0.0128
0.012799
0.012799
0.012798
0.0128
0.0128
0.012799
0.012801
0.012801
0.012801
0.012799
0.012799
0.012802
0.012801
0.012801
0.012802
0.0128
0.012802
0.012801
0.012802
0.0128
0.0128
0.0128
0.0128
0.012802
0.012802
0.012801
0.0128
0.012802
0.012802
0.012802
0.012802
0.0128
0.0128
0.012801
0.012801
0.012801
0.012801
0.012801
0.012802
0.0128
0.0128
0.0128
0.012801
0.012799
0.0128
0.0128
0.012801
0.012799
0.012799
0.012799
0.012798
0.012799
0.012799
0.012799
0.012799
0.012801
0.0128
0.0128
0.0128
0.012799
0.0128
0.0128
0.0128
0.012799
0.012799
0.012799
0.012801
0.012798
0.012798
0.012797
0.012798
0.012798
0.012798
0.012798
0.012798
0.012798
0.012798
0.0128
0.0128
0.012802
0.0128
0.0128
0.012799
0.012801
0.012801
0.0128
0.012798
0.0128
0.012799
0.012799
0.012798
0.012799
0.012798
0.012799
0.012799
0.012798
0.012799
0.012799
0.0128
0.012799
0.012799
0.012799
0.012799
0.012799
0.012799
0.012799
0.012799
0.012799
0.012799
0.012799
0.012799
