3.5515
3.5452
3.5482
3.542
3.5455
3.542
3.5455
3.5483
3.5462
3.5474
3.5461
3.5468
3.5474
3.5461
3.5468
3.5449
3.5461
3.5455
3.5461
3.5455
3.542
3.5454
3.5483
3.5455
3.5455
3.5449
3.5455
3.5461
3.5455
3.5461
3.5455
3.5455
3.5449
3.5418
3.5398
3.545
3.5449
3.5482
3.5451
3.5452
3.5451
3.5481
3.5506
3.5482
3.5451
3.5481
3.5449
3.5418
3.5488
3.5461
3.5425
3.5451
3.5425
3.545
3.545
3.5474
3.5411
3.5449
3.548
3.5417
3.5486
3.5455
3.5418
3.545
3.5449
3.548
3.5449
3.5461
3.5431
3.545
3.5487
3.545
3.5488
3.545
3.5488
3.5461
3.5455
3.5449
3.5419
3.5452
3.5451
3.5481
3.5455
3.5425
3.5452
3.5451
3.5451
3.5488
3.5426
3.5449
3.542
3.549
3.5427
3.5426
3.5489
3.5486
3.5454
3.5483
3.5436
3.5443
3.542
3.5454
3.542
3.5452
3.5452
3.5451
3.5488
3.5461
3.5425
3.5451
3.5425
3.5451
3.5481
3.542
3.5453
3.5452
3.5454
3.5483
3.5455
3.542
3.5489
3.5454
3.5483
3.5421
3.549
3.5455
3.5456
3.5483
3.5421
3.5427
3.5455
3.549
3.5426
3.5483
3.5455
3.542
3.5454
3.5489
3.5427
3.5454
3.5486
3.5432
3.5465
3.5463
3.5465
3.5466
3.5489
3.5456
3.5433
3.5466
3.5433
3.5465
3.5465
3.5465
3.5465
3.5467
3.5467
3.5467
3.5467
3.5467
3.5466
3.5467
3.5467
3.5467
3.5466
3.5467
3.5467
3.5467
3.5467
3.5489
3.5433
3.5467
3.5467
3.5467
3.5467
3.5467
3.5466
3.5467
3.5489
3.5432
3.5465
3.5465
3.5466
3.5464
3.5464
3.5464
3.5465
3.5464
3.5464
3.5464
3.5464
3.5464
3.5488
3.5432
3.5465
3.5465
3.5465
3.5467
3.5466
3.5465
3.5465
3.5466
3.5465
3.5466
3.5465
3.5465
3.5466
3.5465
3.5465
3.5466
3.5465
3.5466
3.5466
3.5487
3.5454
3.5432
3.5466
3.5432
3.5465
3.5465
3.5466
3.5465
3.5466
3.5489
3.5455
3.549
3.5427
3.5456
3.5455
3.5484
3.542
3.5456
3.5484
3.5421
3.5456
3.5455
3.5484
3.5433
3.5466
3.5467
3.5489
3.5457
3.5457
3.5434
3.5467
3.5434
3.5467
3.5467
3.5491
3.5459
3.5435
3.5472
3.5496
3.5439
3.5472
3.5496
3.5439
3.5471
3.5472
3.5496
3.5438
3.547
3.5495
3.5494
3.5496
3.5438
3.5494
3.5438
3.5472
3.5472
3.5472
3.5472
3.5472
3.5472
3.5472
3.5472
3.5472
3.5472
3.544
3.5472
3.5472
3.5495
3.5463
3.5439
3.5495
3.5438
3.547
3.547
3.5494
3.5438
3.5496
3.544
3.5496
3.5439
3.5472
3.5472
3.5472
3.5473
3.5473
3.5496
3.544
3.5473
3.5473
3.5473
3.5473
3.5473
3.5475
3.5475
3.5477
3.5501
3.5445
3.5477
3.5501
3.5445
3.5476
3.5501
3.5443
3.55
3.5475
3.5476
3.5475
3.5476
3.5475
3.5475
3.5475
3.5476
3.5475
3.5474
3.5474
3.5475
3.5474
3.5474
3.5474
3.5475
3.5499
3.5443
3.5475
3.5475
3.5475
3.5476
3.5475
3.5475
3.5476
3.5475
3.5476
3.5475
3.5474
3.5475
3.5474
3.5498
3.5466
3.5495
3.5434
3.5477
3.5501
3.5443
3.5475
3.5475
3.5477
3.5476
3.55
3.5467
3.5502
3.5474
3.5441
3.5498
3.5434
3.5469
3.5503
3.544
3.5444
3.5477
3.5501
3.5469
3.544
3.5474
3.5455
3.5484
3.5416
3.5415
3.5477
3.5477
3.5477
3.5477
3.5476
3.5477
3.5475
3.5476
3.5476
3.5475
3.5476
3.5475
3.5475
3.5475
3.5476
3.5475
3.5475
3.5475
3.5476
3.5475
3.5474
3.5474
3.5475
3.5474
3.5474
3.5474
3.5474
3.5474
3.5474
3.5474
3.5474
3.5474
3.5491
3.547
3.5474
3.5474
3.554
3.5487
3.5499
3.5466
3.5502
3.5487
3.5459
3.5456
3.5474
3.5498
3.5487
3.5482
3.5475
3.5475
3.5476
3.5439
3.5467
3.5457
3.5475
3.5475
3.5485
3.5474
3.5474
3.5474
3.5474
3.5474
3.5474
3.5474
3.5472
3.5479
3.5487
3.5477
3.5441
3.5419
3.5418
3.5419
3.5407
3.5407
3.5407
3.5407
3.5473
3.5473
3.5472
3.5472
3.5472
3.5472
3.5472
3.5472
3.5477
3.5472
3.547
3.5482
3.5453
3.5469
3.5468
3.5468
3.5469
3.5481
3.5476
3.5504
3.5447
3.5472
3.5469
3.5469
3.5465
3.5467
3.5467
3.5467
3.5467
3.5465
3.5468
3.5465
3.5465
3.5464
3.5465
3.5465
3.5465
3.5465
3.5465
3.5479
3.5479
3.5479
3.5481
3.5477
3.5477
3.5472
3.548
3.5477
3.548
3.5479
3.5479
3.5479
3.5479
3.5448
3.5486
3.5479
3.548
3.548
3.548
3.548
3.5479
3.5523
3.548
3.548
3.548
3.548
3.5525
3.5537
3.5537
3.553
3.5481
3.5479
3.548
3.5476
3.5482
3.547
3.548
3.5479
3.5482
3.5482
3.5485
3.5468
3.5464
3.5465
3.5465
3.5465
3.5465
3.5464
3.5467
3.5465
3.5465
3.5467
3.5467
3.546
3.548
3.5454
3.5475
3.5456
3.5466
3.5494
3.547
3.5472
3.5494
3.5459
3.5469
3.5479
3.5471
3.5471
3.5454
3.5456
3.5467
3.5474
3.5457
3.5458
3.5452
3.5498
3.5477
3.5466
3.5473
3.545
3.5472
3.5451
3.5486
3.5497
3.5446
3.5461
3.547
3.5489
3.5445
3.5459
3.5468
3.5445
3.5486
3.5469
3.5446
3.5461
3.5474
3.5447
3.5457
3.5498
3.5448
3.5474
3.5455
3.5496
3.5459
3.5446
3.547
3.544
3.5455
3.5461
3.5453
3.5475
3.5486
3.5453
3.5457
3.5477
3.5458
3.5474
3.5444
3.5459
3.5472
3.5443
3.5452
3.5477
3.5443
3.5444
3.5462
3.545
3.5453
3.5442
3.5449
3.5449
3.5471
3.5456
3.5442
3.5452
3.5444
3.5442
3.5462
3.5456
3.544
3.5457
3.5442
3.5478
3.5452
3.5452
3.5464
3.5453
3.545
3.545
3.545
3.5457
3.5443
3.5473
3.544
3.5449
3.5441
3.5462
3.5459
3.5447
3.545
3.5452
3.547
3.5443
3.5457
3.5456
3.5472
3.5443
3.5463
3.5462
3.5467
3.545
3.5452
3.5452
3.5476
3.5444
3.5463
3.5445
3.5465
3.5474
3.546
3.548
3.5446
3.5479
3.546
3.5463
3.5455
3.5456
3.5455
3.5457
3.5457
3.5457
3.5458
3.5458
3.5458
3.5459
3.5459
3.546
3.547
3.5475
3.5478
3.5455
3.5475
3.5467
3.5466
3.5489
3.5457
3.5481
3.5473
3.5482
3.547
3.5472
3.5455
3.5471
3.547
3.5487
3.5464
3.5462
3.5454
3.5472
3.5456
3.5465
3.5464
3.5475
3.5471
3.5485
3.5462
3.5462
3.5479
3.5462
3.5454
3.5455
3.5454
3.5463
3.5463
3.5486
3.5467
3.5484
3.5485
3.546
3.5467
3.545
3.5484
3.545
3.5471
3.5469
3.547
3.5454
3.546
3.546
3.5484
3.547
3.547
3.5485
3.5469
3.5478
3.5469
3.5487
3.5453
3.5468
3.5459
3.5476
3.5467
3.545
3.5459
3.546
3.5458
3.5452
3.546
3.5459
3.546
3.5451
3.5461
3.5473
3.5453
3.5472
3.5448
3.5458
3.5458
3.5458
3.5448
3.5447
3.5457
3.5457
3.5458
3.5458
3.5472
3.5447
3.5458
3.5457
3.5458
3.5449
3.5459
3.5447
3.5457
3.5453
3.5462
3.5447
3.5458
3.5464
3.5462
3.5449
3.546
3.5473
3.5447
3.5447
3.5458
3.5448
3.5458
3.5457
3.5459
3.5458
3.546
3.5447
3.5459
3.5454
3.5458
3.5457
3.5458
3.5458
3.5458
3.5458
3.5458
3.5474
3.5455
3.546
3.5458
3.546
3.546
3.5467
3.545
3.546
3.546
3.5477
3.5468
3.5459
3.5478
3.5459
3.548
3.5464
3.5482
3.5461
3.548
3.5455
3.5467
3.5467
3.5457
3.5467
3.5467
3.5467
3.5457
3.5466
3.5466
3.5458
3.5467
3.5468
3.5474
3.5466
3.5474
3.5472
3.5472
3.5474
3.5473
3.5491
3.5469
3.5494
3.5469
3.5475
3.5464
3.547
3.5487
3.5462
3.5467
3.5467
3.5465
3.5465
3.5482
3.5457
3.5468
3.5467
3.5484
3.5458
3.5468
3.547
3.5469
3.5467
3.546
3.546
3.5458
3.5455
3.5457
3.5458
3.5459
3.5458
3.5458
3.5455
3.5457
3.5458
3.5458
3.5458
3.5459
3.5461
3.5462
3.546
3.5462
3.5462
3.5462
3.5477
3.5452
3.5465
3.5465
3.5465
3.5465
3.5479
3.5454
3.5465
3.5464
3.5462
3.546
3.5457
3.5457
3.547
3.5446
3.5459
3.5458
3.5459
3.5459
3.5462
3.5462
3.546
3.5457
3.5463
3.5464
3.5455
3.5455
3.5457
3.5458
3.5459
3.5474
3.545
3.5463
3.5475
3.545
3.5465
3.5465
3.5464
3.5464
3.5463
3.5463
3.5463
3.5463
3.5465
3.5465
3.5464
3.5467
3.5467
3.5467
3.5465
3.5464
3.5467
3.5481
3.5455
3.5467
3.5467
3.5468
3.547
3.547
3.5472
3.5484
3.546
3.5472
3.547
3.547
3.547
3.5469
3.547
3.547
3.5471
3.5473
3.5474
3.5477
3.5474
3.5477
3.5477
3.5482
3.5475
3.5476
3.5475
3.5475
3.5475
3.5474
3.5491
3.5467
3.5484
3.5482
3.548
3.5479
3.5479
3.5478
3.5479
3.548
3.5482
3.548
3.5479
3.5479
3.5496
3.5469
3.5477
3.5475
3.5475
3.5475
3.5475
3.5475
3.5474
3.5475
3.5475
3.5475
3.5475
3.5475
3.5475
3.5475
3.5492
3.5467
3.5475
3.5477
3.5478
3.5478
3.5478
3.5479
3.5478
3.5478
3.5495
3.547
3.5475
3.5475
3.5475
3.5477
3.5477
3.5475
3.5474
3.5474
3.5474
3.5474
3.5485
3.5474
3.5489
3.5465
3.5474
3.5472
3.5472
3.5472
3.5472
3.5472
3.5472
3.5487
3.5478
3.5462
3.5472
3.5472
3.5472
3.5473
3.5473
3.5472
3.5473
3.5472
3.5472
3.5472
3.5486
3.5461
3.5472
3.5472
3.5488
3.5463
3.5473
3.5473
3.5473
3.5473
3.5473
3.5473
3.5473
3.5473
3.5473
3.5473
3.5487
3.5461
3.5472
3.5472
3.5472
3.5487
3.5462
3.5474
3.5473
3.5487
3.5461
3.5472
3.5472
3.5488
3.5463
3.5474
3.5474
3.5474
3.5488
3.5463
3.5474
3.5474
3.5474
3.5474
3.549
3.5496
3.5464
3.5474
3.5474
3.5474
3.5489
3.5478
3.5479
3.5479
3.5464
3.549
3.5481
3.5465
3.5474
3.5474
3.5474
3.5473
3.5487
3.5478
3.5463
3.5473
3.5489
3.5479
3.5479
3.5479
3.5462
3.5472
3.5472
3.5486
3.546
3.5471
3.5471
3.5469
3.5469
3.5469
3.5469
3.5466
3.5465
3.5467
3.5467
3.5467
3.5481
3.5469
3.5455
3.5465
3.5465
3.5464
3.5465
3.5465
3.5467
3.5469
3.5469
3.5485
3.5474
3.5474
3.546
3.5487
3.5462
3.5487
3.5477
3.542
3.5419
3.5461
3.5472
3.5472
3.5472
3.5503
3.5447
3.5473
3.5473
3.5473
3.5487
3.5462
3.5472
3.5488
3.5464
3.5473
3.5472
3.5472
3.5471
3.5487
3.5462
3.5472
3.5472
3.5472
3.5472
3.5487
3.5462
3.5473
3.5487
3.5477
3.5477
3.5462
3.5474
3.5491
3.542
3.5474
3.5489
3.5479
3.5464
3.5474
3.5474
3.5474
3.5474
3.5474
3.5474
3.5474
3.5489
3.5465
3.5474
3.5474
3.5488
3.5463
3.5473
3.5472
3.5486
3.546
3.547
3.5469
3.547
3.547
3.5472
3.5472
3.5472
3.547
3.547
3.5485
3.5458
3.5473
3.5473
3.546
3.5485
3.5474
3.546
3.547
3.5486
3.546
3.547
3.547
3.5486
3.5475
3.546
3.547
3.547
3.547
3.5486
3.546
3.547
3.547
3.547
3.5485
3.5474
3.5458
3.5484
3.5474
3.5474
3.546
3.5471
