1.7599
1.7619
1.7594
1.7613
1.7616
1.7601
1.7605
1.7604
1.7612
1.7618
1.76
1.761
1.7599
1.7613
1.7612
1.761
1.7613
1.7603
1.7609
1.761
1.7614
1.7604
1.7609
1.7607
1.7614
1.7607
1.7613
1.76
1.761
1.7611
1.7599
1.7614
1.761
1.7614
1.7597
1.7609
1.7605
1.7612
1.7602
1.7609
1.7612
1.76
1.761
1.7613
1.761
1.7613
1.761
1.761
1.7615
1.7601
1.7609
1.7611
1.7614
1.7601
1.7601
1.7589
1.7618
1.7604
1.7587
1.7616
1.7587
1.7605
1.7601
1.7611
1.7595
1.7595
1.7593
1.7613
1.7607
1.7603
1.7611
1.7598
1.7607
1.7617
1.7606
1.7611
1.76
1.7612
1.7598
1.761
1.7597
1.7607
1.7607
1.7608
1.7599
1.7599
1.7599
1.7593
1.7606
1.7603
1.7589
1.7605
1.7598
1.7595
1.7591
1.7603
1.7599
1.7605
1.7592
1.7592
1.7591
1.7603
1.7589
1.7592
1.7604
1.7584
1.7601
1.7589
1.7584
1.7606
1.7596
1.76
1.7593
1.7603
1.7594
1.7603
1.7606
1.7596
1.7603
1.7606
1.7594
1.7595
1.7605
1.7592
1.7594
1.7606
1.7604
1.7603
1.7606
1.7606
1.7607
1.7599
1.7609
1.7606
1.7597
1.7609
1.7603
1.7606
1.7601
1.7617
1.761
1.7603
1.7596
1.7613
1.7605
1.7609
1.761
1.7599
1.7609
1.7611
1.76
1.7609
1.7605
1.7609
1.7603
1.7596
1.7609
1.76
1.7598
1.7607
1.7595
1.7598
1.76
1.7597
1.7607
1.7599
1.7598
1.761
1.7598
1.7599
1.7613
1.7606
1.7609
1.7598
1.7613
1.7606
1.7607
1.7599
1.7614
1.761
1.7605
1.7601
1.7614
1.7604
1.7602
1.7615
1.7612
1.7613
1.7602
1.7612
1.7613
1.7615
1.7604
1.7615
1.7612
1.7614
1.7602
1.7612
1.7615
1.7596
1.761
1.7597
1.761
1.7598
1.7595
1.7615
1.76
1.7598
1.7609
1.7607
1.7612
1.7599
1.7606
1.76
1.7613
1.7609
1.7613
1.7615
1.7602
1.7612
1.761
1.7597
1.7609
1.7612
1.7592
1.7617
1.7609
1.7614
1.7599
1.761
1.7613
1.7607
1.7611
1.7616
1.7588
1.7589
1.7604
1.7612
1.7608
1.7609
1.7607
1.7618
1.7617
1.7619
1.7596
1.7602
1.762
1.7604
1.76
1.7589
1.7607
1.7611
1.7597
1.7599
1.7584
1.7611
1.7582
1.7595
1.7607
1.7582
1.7613
1.7597
1.759
1.761
1.7611
1.7603
1.7615
1.7606
1.7588
1.7617
1.7604
1.7601
1.7588
1.7618
1.7606
1.7618
1.7606
1.761
1.7595
1.7601
1.7615
1.7583
1.7617
1.7589
1.7605
1.7588
1.7619
1.761
1.7601
1.7619
1.7604
1.76
1.761
1.7613
1.7614
1.76
1.7607
1.7601
1.7614
1.7605
1.7603
1.7603
1.7617
1.761
1.761
1.762
1.7617
1.7604
1.7602
1.7614
1.7602
1.7622
1.7606
1.762
1.7597
1.7613
1.7633
1.7603
1.7633
1.7603
1.7634
1.7623
1.7636
1.7606
1.7617
1.7631
1.7601
1.762
1.7629
1.7603
1.762
1.7609
1.7627
1.7615
1.7617
1.7632
1.7601
1.7615
1.7615
1.7612
1.7633
1.7627
1.7613
1.7633
1.7629
1.7616
1.7611
1.7623
1.7632
1.7613
1.7628
1.7616
1.7624
1.7615
1.7623
1.7618
1.7613
1.7626
1.7613
1.7615
1.7624
1.7611
1.7623
1.7616
1.7601
1.7626
1.7621
1.7596
1.7629
1.7602
1.7632
1.7612
1.7626
1.7615
1.7623
1.7629
1.7613
1.7625
1.7627
1.7629
1.7615
1.7621
1.7624
1.7609
1.7632
1.7626
1.7629
1.7618
1.7619
1.7628
1.7617
1.7643
1.7621
1.7614
1.7647
1.7627
1.7629
1.7629
1.7644
1.7631
1.7634
1.7639
1.7616
1.7629
1.7609
1.7642
1.7612
1.7637
1.7609
1.7624
1.7637
1.761
1.7609
1.7643
1.7623
1.7607
1.7621
1.7607
1.7622
1.7605
1.7626
1.7607
1.7608
1.763
1.7627
1.761
1.7624
1.7607
1.7608
1.7607
1.7623
1.7605
1.7608
1.7621
1.7623
1.7606
1.7611
1.762
1.7638
1.7611
1.7631
1.7627
1.7608
1.7624
1.7642
1.7627
1.7627
1.7641
1.7615
1.7616
1.762
1.7633
1.7627
1.7634
1.7643
1.761
1.7638
1.7644
1.7613
1.7618
1.7613
1.7643
1.7612
1.7637
1.7637
1.764
1.7639
1.7639
1.7613
1.7626
1.7615
1.7628
1.7631
1.7624
1.7607
1.7626
1.7624
1.7624
1.7637
1.7629
1.7611
1.7607
1.7625
1.7624
1.7607
1.7632
1.7607
1.7625
1.7608
1.7635
1.7634
1.7607
1.7628
1.7613
1.7609
1.763
1.7626
1.7642
1.7632
1.7635
1.7603
1.761
1.7609
1.7632
1.7602
1.7632
1.7603
1.7632
1.763
1.7604
1.7618
1.7623
1.7636
1.7601
1.7635
1.7617
1.7621
1.7634
1.7634
1.7612
1.7627
1.762
1.7604
1.7642
1.7621
1.7621
1.761
1.7644
1.7612
1.7613
1.7624
1.7647
1.7611
1.7614
1.7626
1.7644
1.7624
1.7618
1.7615
1.7633
1.7624
1.7637
1.7626
1.7629
1.7628
1.7631
1.7624
1.763
1.7629
1.7637
1.7621
1.7599
1.7636
1.7602
1.7644
1.7608
1.764
1.7624
1.7634
1.7605
1.7623
1.7603
1.7635
1.7623
1.7608
1.761
1.7629
1.7621
1.7624
1.7598
1.7638
1.762
1.7623
1.7613
1.7634
1.7617
1.7603
1.7629
1.7612
1.7627
1.7606
1.763
1.7617
1.7615
1.762
1.7618
1.7622
1.7613
1.7633
1.7613
1.7621
1.7625
1.7598
1.7628
1.7624
1.7632
1.759
1.7599
1.7608
1.7596
1.7606
1.7594
1.7613
1.7612
1.7606
1.7618
1.7617
1.7599
1.7618
1.7615
1.762
1.7602
1.7618
1.7603
1.7612
1.7601
1.76
1.762
1.7615
1.7625
1.7627
1.7619
1.7611
1.7615
1.7606
1.7625
1.7604
1.7626
1.7613
1.7615
1.7606
1.7631
1.762
1.761
1.7607
1.7628
1.7613
1.7609
1.7622
1.7612
1.761
1.7623
1.7613
1.7608
1.762
1.7608
1.7617
1.7631
1.7612
1.7627
1.76
1.7618
1.7634
1.7638
1.762
1.7633
1.7615
1.7601
1.7618
1.7633
1.761
1.7631
1.7604
1.7593
1.7612
1.7601
1.7591
1.7621
1.7598
1.7617
1.7612
1.761
1.7617
1.7609
1.7622
1.7606
1.7618
1.7612
1.7616
1.7607
1.761
1.7619
1.7621
1.7607
1.7614
1.7628
1.762
1.7631
1.7617
1.7631
1.7627
1.7637
1.7631
1.7633
1.7637
1.7639
1.7635
1.7634
1.762
1.7634
1.7621
1.7621
1.7626
1.7626
1.7622
1.7623
1.7626
1.7617
1.762
1.7621
1.7615
1.7612
1.7616
1.7606
1.7608
1.7607
1.7604
1.7615
1.7606
1.7591
1.7589
1.7602
1.7602
1.7593
1.7605
1.7611
1.7604
1.7612
1.7608
1.7608
1.7615
1.7603
1.7607
1.7608
1.7624
1.7614
1.7615
1.7615
1.7615
1.7615
1.7613
1.7623
1.7625
1.7615
1.7617
1.762
1.7628
1.7617
1.7619
1.7618
1.7622
1.7619
1.7615
1.7619
1.7613
1.7616
1.7616
1.7612
1.7617
1.7615
1.7617
1.7614
1.7616
1.7613
1.7614
1.7602
1.76
1.7608
1.7606
1.761
1.761
1.7609
1.7607
1.7615
1.7612
1.7614
1.7604
1.7604
1.7602
1.7609
1.761
1.7609
1.7614
1.7615
1.7617
1.7618
1.7606
1.7609
1.7611
1.7607
1.7609
1.7606
1.7603
1.7605
1.7604
1.7611
1.7608
1.7608
1.7603
1.7606
1.7608
1.7609
1.7599
1.7607
1.7607
1.7604
1.7608
1.7605
1.7608
1.7607
1.7606
1.7606
1.7609
1.7608
1.7607
1.7607
1.7607
1.7607
1.7609
1.7608
1.7608
1.7615
1.7612
1.762
1.7613
1.7614
1.7613
1.7619
1.7617
1.761
1.7622
1.7622
1.7621
1.7626
1.7622
1.7633
1.7637
1.7647
1.7641
1.7642
1.7662
1.7657
1.766
1.7654
1.7656
1.7654
1.7651
1.764
1.7655
1.7645
1.7646
1.7656
1.7645
1.7643
1.7645
1.7638
1.7638
1.7645
1.7642
1.7646
1.7643
1.7645
1.7641
1.7643
1.7639
1.7636
1.7641
1.7639
1.764
1.7637
1.7643
1.7644
1.7634
1.7634
1.763
1.7629
1.763
1.7628
1.763
1.7631
1.7625
1.7636
1.7639
1.7634
1.7631
1.7647
1.7644
1.7637
1.763
1.7644
1.7626
1.7625
1.7657
1.7627
1.763
1.7628
1.7643
1.7641
1.7643
1.7636
1.7641
1.7638
1.7644
1.7632
1.7643
1.7643
1.7633
1.7644
1.764
1.7631
1.7645
1.7635
1.7625
1.764
1.7637
1.7625
1.7638
1.7629
1.7625
1.7638
1.7621
1.7631
1.7627
1.7637
1.7638
1.7616
1.7623
1.7624
1.7639
1.7639
1.7642
1.7621
1.763
1.762
1.7636
1.7637
1.7622
1.7626
1.7638
1.764
1.7627
1.7628
1.7627
1.7626
1.7638
1.7636
1.7622
1.7623
1.7636
1.7638
1.7627
1.7637
1.763
1.7635
1.7632
1.7641
1.7632
1.7638
1.7626
1.764
1.7625
1.7626
1.763
1.7625
1.7639
1.7638
1.7627
1.7642
1.7634
1.7653
1.763
1.764
1.7635
1.7649
1.7631
1.7648
1.7638
1.7642
1.7654
1.7652
1.7651
1.7648
1.7661
1.7647
1.7662
1.7637
1.765
1.7634
1.7657
1.7651
1.7647
1.7662
1.7655
1.7665
1.7664
1.7646
1.7662
1.7692
1.7681
1.7681
1.7682
1.7675
1.7675
1.7674
1.7689
1.7677
1.7694
1.7687
1.7686
1.7687
1.7665
1.7681
1.7661
1.766
1.7661
1.7655
1.766
1.7659
1.7654
1.7663
1.7659
1.7666
1.7664
1.7668
1.7666
1.7653
1.7632
1.7631
1.7627
1.763
1.7632
1.7631
1.7646
1.7632
1.7634
1.7635
1.7624
1.7633
1.7638
1.7633
1.7638
1.7635
1.7643
1.7642
1.7645
1.7639
1.7649
1.7646
1.7644
1.7646
1.7648
1.7647
1.7659
1.7663
1.7664
1.766
1.7658
1.7658
1.765
1.7651
1.7638
1.765
1.7642
1.7634
1.7633
1.7632
1.7638
1.7634
1.7641
1.7641
1.7652
1.7644
1.7649
1.7639
1.7641
1.7636
1.7643
1.7634
1.764
1.7637
1.7628
1.7637
1.7635
1.7631
1.7643
1.7643
1.7635
1.7646
1.7653
1.7643
1.7655
1.7655
1.7655
1.7663
1.7646
1.7658
1.7661
1.7658
1.7662
1.7649
1.7664
1.7662
1.765
1.7662
1.7666
1.7668
1.7645
1.7649
1.7647
1.7654
1.7657
1.7658
1.7651
1.7642
1.7661
1.7665
1.7662
1.7669
1.7669
1.7664
1.7664
1.7667
1.7669
1.7665
1.7667
1.7663
1.7668
1.7665
1.7664
1.767
1.7669
1.7676
1.7675
1.7683
1.7675
1.7682
1.7685
1.7685
1.7681
1.7676
1.7679
1.7677
1.7677
1.7674
1.7677
1.7685
1.77
1.7699
1.7686
1.7686
1.7684
1.7689
1.7689
1.7694
1.769
1.7685
1.7681
1.7684
1.7676
1.7675
1.7673
1.7677
1.7675
1.7677
1.7674
1.7675
1.7676
1.7673
1.7677
1.7686
1.7674
1.7674
1.7678
1.7676
1.7678
1.7679
1.7684
1.7683
1.7685
1.7681
1.7683
1.7681
1.7684
1.7682
1.7683
1.7677
1.7677
1.7682
1.7679
1.7679
1.7676
1.7673
1.7676
1.7674
1.7671
1.7674
1.7672
1.7675
1.7666
1.7666
1.7664
1.7678
1.7669
1.7667
1.7668
1.7668
1.7669
1.7669
1.7669
1.7666
1.7667
1.7668
1.7681
1.7671
1.7667
1.7673
1.767
1.7666
1.7667
1.7666
1.7648
1.7668
1.7668
1.7671
1.767
1.7674
1.7669
1.7671
1.7672
1.7669
1.7671
1.7669
1.7671
1.7669
1.7671
1.7669
1.767
1.7668
1.767
1.7666
1.767
1.7668
1.7672
1.7654
1.7655
1.7671
1.7655
1.7669
1.7669
1.7667
1.7674
1.7673
1.7673
1.7676
1.7673
1.7676
1.7673
1.7676
1.7678
1.7674
1.7677
1.7675
1.7679
1.7678
1.7663
1.7676
1.7677
1.7688
1.7674
1.7674
1.7666
1.7674
1.7674
1.7674
1.7673
1.7674
1.7675
1.7677
1.7675
1.7674
1.769
1.7676
1.7672
1.7672
1.7672
1.7675
1.7674
1.7672
1.7674
1.7671
1.7674
1.7674
1.7673
1.7674
1.7674
1.7674
1.7674
1.7674
1.7674
1.7673
1.7675
1.7674
1.7674
1.7673
1.7674
1.7674
1.7673
1.7682
1.767
1.7669
1.7665
1.7665
1.7669
1.7666
1.7662
1.7649
1.766
1.766
1.7661
1.7648
1.7648
1.7654
1.7652
1.7651
1.7653
1.765
1.7651
1.7651
1.7647
1.7648
1.7645
1.7646
1.7648
1.7651
1.7648
1.7649
1.7661
1.7661
1.766
1.7659
1.7663
1.7661
1.7663
1.7663
1.7661
1.7663
1.7659
1.7679
1.7649
1.7661
1.7663
1.7661
1.7667
1.7666
1.7665
1.7688
1.7665
1.7664
1.7668
1.7667
1.7689
1.7669
1.7664
1.7668
1.7665
1.7672
1.7671
1.7671
1.7672
1.7669
1.7667
1.7665
1.7669
1.7668
1.7666
1.7671
1.7669
1.7667
1.7669
1.7667
1.7667
1.7668
1.7667
1.7667
1.7667
1.7666
1.7669
1.7667
1.7669
1.7688
1.7666
1.7667
1.7669
1.7668
1.7671
1.7674
1.7669
1.7669
1.7669
1.7671
1.767
1.7671
1.7674
1.7671
1.7674
1.7663
1.7676
1.7678
1.7674
1.7676
1.7673
1.7676
1.7673
1.767
1.7674
1.7692
1.7693
1.7664
1.7675
1.7673
1.7671
1.7676
1.7674
1.7676
1.7664
1.7673
1.7675
1.7672
1.7674
1.7671
1.7674
1.7673
1.7674
1.7671
1.7671
1.7669
1.7663
1.7665
1.7665
1.766
1.7664
1.7662
1.7665
1.7663
1.7666
1.7666
1.7662
1.7662
1.766
1.7661
1.7661
1.766
1.7661
1.7661
1.7661
1.7664
1.7663
1.7666
1.7666
1.7666
1.7664
1.7666
1.7662
1.7663
1.7662
1.7666
1.7664
1.7661
1.7664
1.7663
1.7663
1.7674
1.7665
1.7663
1.7671
1.7661
1.7661
1.7661
1.7663
1.7661
1.7663
1.766
1.7663
1.7662
1.7661
1.7661
1.7661
1.7661
1.7662
1.7662
1.7664
