0.121938
0.121937
0.122027
0.121969
0.12196
0.121934
0.122075
0.122019
0.122037
0.122007
0.122082
0.12207
0.122063
0.122074
0.1221
0.122164
0.121848
0.121974
0.121949
0.122076
0.122063
0.122058
0.122085
0.122074
0.122068
0.122063
0.122291
0.121841
0.121978
0.121992
0.121858
0.122199
0.121967
0.121964
0.122087
0.121964
0.122038
0.122038
0.122022
0.122255
0.12214
0.122014
0.122173
0.122032
0.122033
0.121914
0.122055
0.122044
0.122073
0.121954
0.12218
0.122182
0.122192
0.121918
0.121924
0.121913
0.122243
0.121901
0.122166
0.122165
0.122313
0.122014
0.122072
0.122084
0.122264
0.12199
0.122027
0.122026
0.122101
0.12201
0.122026
0.122022
0.122407
0.121874
0.122021
0.121941
0.122458
0.122293
0.122452
0.122453
0.122133
0.122136
0.122135
0.122313
0.121815
0.122034
0.122064
0.122095
0.12205
0.122079
0.122133
0.122019
0.122026
0.122019
0.122103
0.122092
0.122091
0.122137
0.121893
0.122009
0.121995
0.122134
0.121886
0.12191
0.121917
0.121906
0.122001
0.121925
0.121924
0.121879
0.12219
0.122125
0.122023
0.122176
0.12176
0.121914
0.121912
0.122098
0.121904
0.121913
0.121919
0.12187
0.122199
0.122
0.121808
0.122011
0.121991
0.121991
0.121938
0.122042
0.121991
0.121991
0.121992
0.12199
0.121991
0.12199
0.121989
0.121991
0.121992
0.121943
0.121991
0.12199
0.121981
0.122031
0.12201
0.122007
0.12204
0.121985
0.122003
0.121998
0.122021
0.121994
0.122003
0.122013
0.121992
0.122131
0.122053
0.122054
0.122254
0.121959
0.122054
0.122054
0.122062
0.122006
0.122064
0.122006
0.122062
0.122063
0.122005
0.122063
0.122062
0.122005
0.121983
0.122059
0.122047
0.122052
0.122107
0.122005
0.122059
0.122059
0.122005
0.122059
0.122041
0.121996
0.122041
0.122058
0.121997
0.122007
0.122003
0.122046
0.122007
0.121998
0.122048
0.122043
0.122043
0.122052
0.122029
0.122052
0.122007
0.122045
0.122022
0.122042
0.122047
0.122006
0.122026
0.122046
0.122047
0.122003
0.122035
0.122042
0.122052
0.121997
0.122033
0.122042
0.122001
0.122051
0.122028
0.122032
0.122002
0.122079
0.122077
0.122079
0.122061
0.122095
0.122083
0.122089
0.122075
0.122103
0.122095
0.122098
0.122099
0.12207
0.122098
0.122098
0.122073
0.122137
0.12209
0.122087
0.122076
0.122096
0.122083
0.122084
0.122078
0.122091
0.12209
0.122089
0.122109
0.122076
0.122085
0.122085
0.122072
0.122104
0.122092
0.122093
0.122104
0.122066
0.122083
0.122084
0.122109
0.122072
0.12209
0.122093
0.122107
0.122093
0.122104
0.122103
0.12208
0.122107
0.122107
0.122105
0.122066
0.122106
0.122105
0.122105
0.122108
0.122099
0.122103
0.122104
0.122103
0.122106
0.122105
0.122105
0.12211
0.122074
0.122092
0.122094
0.122104
0.122064
0.122079
0.122076
0.122033
0.12212
0.122077
0.122021
0.122214
0.122019
0.122023
0.122026
0.122014
0.12205
0.122034
0.122035
0.122027
0.122086
0.122076
0.122088
0.122088
0.122053
0.122063
0.122064
0.122093
0.122071
0.122072
0.122091
0.122052
0.122079
0.122086
0.122088
0.122051
0.122072
0.122059
0.122075
0.122054
0.122063
0.12209
0.122053
0.122071
0.122084
0.122085
0.122064
0.122079
0.122079
0.122017
0.122104
0.122096
0.122094
0.122076
0.12211
0.12211
0.122111
0.122117
0.122094
0.122116
0.122116
0.122092
0.122139
0.122117
0.122123
0.122111
0.122264
0.122262
0.122242
0.122296
0.122245
0.12224
0.1223
0.122175
0.12218
0.122178
0.122166
0.122257
0.122263
0.122271
0.122149
0.122172
0.122171
0.122206
0.122196
0.122199
0.122218
0.122192
0.122199
0.122202
0.122189
0.122226
0.122209
0.122207
0.122185
0.122231
0.122213
0.122218
0.122241
0.122205
0.122219
0.12221
0.122202
0.122249
0.122229
0.122232
0.122211
0.122255
0.122235
0.122217
0.122262
0.122239
0.122242
0.122203
0.122266
0.122244
0.122227
0.122208
0.122272
0.122248
0.122307
0.122194
0.122284
0.122285
0.122231
0.12225
0.122267
0.122233
0.122268
0.122247
0.122251
0.122234
0.12228
0.12225
0.122232
0.12227
0.122255
0.122291
0.122123
0.122128
0.122129
0.122125
0.1222
0.122142
0.122135
0.122203
0.1222
0.122206
0.122144
0.122169
0.122168
0.122158
0.122196
0.122196
0.12218
0.122238
0.122248
0.122226
0.12228
0.122247
0.122255
0.122277
0.122199
0.122214
0.122213
0.122192
0.122297
0.122237
0.122252
0.122217
0.122237
0.122237
0.1223
0.122276
0.122237
0.122252
0.122273
0.122237
0.122276
0.122274
0.122279
0.122282
0.122237
0.122252
0.12223
0.122282
0.122276
0.122237
0.122242
0.122316
0.122242
0.122307
0.122298
0.122318
0.122282
0.122291
0.122329
0.122273
0.122362
0.122347
0.122357
0.122347
0.122389
0.122347
0.122385
0.122384
0.122385
0.122147
0.122159
0.122143
0.122143
0.122274
0.122177
0.122178
0.122275
0.122164
0.122212
0.122208
0.122259
0.12215
0.122204
0.122205
0.122265
0.122165
0.122231
0.122245
0.122163
0.122249
0.122249
0.122255
0.122154
0.122155
0.122227
0.122152
0.122154
0.122169
0.122149
0.122191
0.122185
0.122151
0.12226
0.122249
0.122249
0.122154
0.122251
0.122265
0.122157
0.122157
0.122157
0.122268
0.122128
0.122132
0.122132
0.122127
0.122214
0.122162
0.122133
0.122197
0.122131
0.122183
0.122185
0.12214
0.122264
0.122162
0.122138
0.122258
0.122162
0.12221
0.122258
0.122152
0.122184
0.122197
0.122146
0.122235
0.122235
0.122152
0.122296
0.12218
0.122159
0.122145
0.12222
0.122195
0.122152
0.122207
0.122138
0.122139
0.122233
0.12211
0.122175
0.12234
0.122097
0.122281
0.122283
0.122326
0.122218
0.122238
0.122228
0.122215
0.122299
0.122255
0.122254
0.122261
0.122226
0.122235
0.122241
0.122261
0.122213
0.122228
0.12223
0.122239
0.122175
0.122179
0.12218
0.122187
0.122115
0.122133
0.122149
0.122111
0.122193
0.122139
0.122123
0.122081
0.122184
0.122178
0.122165
0.122161
0.122205
0.122182
0.122176
0.12214
0.122202
0.122172
0.122179
0.122143
0.12219
0.122175
0.122176
0.122148
0.122195
0.122175
0.122176
0.122141
0.122155
0.122157
0.122163
0.122007
0.12203
0.122037
0.122012
0.122184
0.122188
0.122159
0.122191
0.122179
0.122178
0.122147
0.122239
0.122237
0.12225
0.122258
0.122164
0.122182
0.122184
0.122174
0.122214
0.122194
0.12219
0.122174
0.122266
0.122252
0.122262
0.122199
0.122201
0.122212
0.122067
0.12217
0.122173
0.12214
0.122196
0.122189
0.122184
0.122178
0.122294
0.122294
0.122288
0.122261
0.122335
0.12232
0.122322
0.122348
0.12225
0.122291
0.12229
0.122279
0.122362
0.122332
0.122331
0.122351
0.122259
0.12226
0.122291
0.122209
0.122214
0.122213
0.122189
0.122282
0.122244
0.122243
0.122164
0.122279
0.12223
0.122231
0.122251
0.122131
0.122158
0.122156
0.12217
0.122106
0.122128
0.122128
0.122128
0.121972
0.122083
0.122082
0.122079
0.122121
0.122117
0.122117
0.122136
0.122088
0.122136
0.122136
0.122092
0.122185
0.122177
0.122178
0.122181
0.122059
0.122062
0.122027
0.122071
0.122055
0.122055
0.122069
0.122022
0.122034
0.122035
0.121835
0.121841
0.121839
0.121719
0.121864
0.121835
0.12183
0.121819
0.121939
0.121838
0.121837
0.121868
0.121832
0.121837
0.121839
0.121841
0.121719
0.121766
0.121767
0.121789
0.121696
0.121704
0.121704
0.121709
0.121682
0.121683
0.121683
0.121678
0.1217
0.121683
0.121686
0.121681
0.121758
0.121758
0.121758
0.121755
0.122094
0.121846
0.121848
0.121919
0.121823
0.121832
0.121833
0.12182
0.121854
0.121853
0.12186
0.121802
0.121817
0.121816
0.121836
0.121697
0.121707
0.121705
0.121721
0.121674
0.121697
0.1217
0.121713
0.121674
0.121676
0.121673
0.121598
0.121695
0.121682
0.121683
0.121695
0.121569
0.121574
0.121573
0.121575
0.121533
0.121545
0.121542
0.121533
0.121716
0.121594
0.121592
0.12154
0.121831
0.121649
0.12165
0.121633
0.121716
0.121687
0.121688
0.121682
0.121785
0.121773
0.121773
0.121774
0.121751
0.121753
0.12175
0.121717
0.12191
0.1218
0.121828
0.121851
0.121816
0.121827
0.121827
0.12184
0.121726
0.121739
0.121737
0.121821
0.1217
0.1217
0.121701
0.121665
0.121828
0.121788
0.121785
0.121762
0.121859
0.121852
0.121851
0.121894
0.121775
0.121839
0.121839
0.121709
0.121746
0.121744
0.121675
0.12169
0.12169
0.12171
0.121681
0.121686
0.121686
0.121684
0.121761
0.121761
0.121761
0.121779
0.121734
0.121733
0.121728
0.121799
0.121792
0.121793
0.121762
0.121912
0.121913
0.121911
0.122123
0.122054
0.122055
0.122069
0.121925
0.122026
0.122026
0.122006
0.122141
0.122072
0.122071
0.122086
0.122023
0.122037
0.122036
0.122022
0.122046
0.122034
0.122033
0.122004
0.122031
0.12203
0.122047
0.12202
0.122029
0.12203
0.122031
0.122006
0.122006
0.122006
0.122018
0.121982
0.121996
0.121995
0.121994
0.122022
0.122022
0.122021
0.122031
0.121981
0.122003
0.122004
0.121962
0.121972
0.121971
0.121964
0.121992
0.12197
0.121968
0.121971
0.121864
0.121887
0.121886
0.121905
0.121859
0.121859
0.121858
0.12183
0.121928
0.121916
0.121917
0.121902
0.121949
0.12193
0.121929
0.121918
0.121991
0.121988
0.12199
0.122027
0.121977
0.121978
0.121977
0.122051
0.12203
0.122031
0.121973
0.122018
0.122021
0.122009
0.122094
0.122089
0.122083
0.122077
0.122122
0.122109
0.122108
0.122093
0.122218
0.122188
0.122195
0.12217
0.122214
0.122187
0.122187
0.122189
0.12212
0.122147
0.122146
0.122134
0.122197
0.122192
0.12219
0.122155
0.122161
0.122154
0.122143
0.122162
0.122152
0.122151
0.122145
0.122178
0.122175
0.122176
0.12219
0.122116
0.122123
0.122121
0.12207
0.122095
0.122096
0.122095
0.122115
0.122109
0.12211
0.122105
0.122166
0.122165
0.122166
0.122166
0.122107
0.122109
0.12211
0.122105
0.122221
0.122188
0.122189
0.122188
0.122254
0.122209
0.122209
0.122087
0.122116
0.122116
0.122123
0.122072
0.122094
0.122092
0.122094
0.122018
0.122024
0.122024
0.122004
0.122066
0.122065
0.122065
0.122069
0.121969
0.12197
0.121971
0.122026
0.122021
0.122021
0.122013
0.122067
0.122032
0.122033
0.12203
0.122068
0.122047
0.122046
0.121987
0.121987
0.121987
0.121988
0.121858
0.121874
0.121872
0.12186
0.12191
0.121906
0.121907
0.121873
0.121915
0.121906
0.121905
0.121901
0.122163
0.12216
0.12217
0.122058
0.122139
0.12214
0.122141
0.122073
0.12209
0.12209
0.122052
0.12211
0.122101
0.1221
0.122111
0.122081
0.122092
0.12209
0.122098
0.122053
0.122059
0.122059
0.122045
0.122062
0.122051
0.122053
0.12205
0.122077
0.122067
0.122067
0.12206
0.122124
0.122111
0.122112
0.122153
0.122023
0.122048
0.122051
0.12213
0.12203
0.122054
0.122054
0.122011
0.122068
0.122049
0.122046
0.122038
0.122083
0.12208
0.122082
0.12208
0.122179
0.12217
0.122173
0.122159
0.122211
0.122204
0.122205
0.122212
0.122155
0.122186
0.122186
0.122148
0.122209
0.122205
0.122207
0.122198
0.122286
0.122259
0.122258
0.122267
0.122149
0.122166
0.122176
0.122167
0.122293
0.122241
0.122241
0.122242
0.122175
0.122202
0.122202
0.122206
0.122118
0.122124
0.122125
0.122122
0.122179
0.122142
0.122142
0.12214
0.122261
0.122222
0.122226
0.122256
0.122188
0.122201
0.12221
0.122256
0.12219
0.122211
0.1222
0.122189
0.122268
0.122267
0.122268
0.122298
0.12219
0.122279
0.122279
0.122291
0.122196
0.122202
0.122201
0.12222
0.122174
0.122179
0.122179
0.122181
0.12217
0.122178
0.122176
0.122154
0.122207
0.122193
0.122193
0.122255
0.122174
0.122177
0.122178
0.121746
0.121877
0.121876
0.121785
0.121995
0.121979
0.121978
0.122065
0.121896
0.121916
0.121916
0.121954
0.121854
0.121915
0.121913
0.121916
0.121851
0.121898
0.121895
0.121884
0.121987
0.121948
0.121952
0.121914
0.121989
0.121965
0.121965
0.121922
0.12205
0.122033
0.122032
0.122019
0.122221
0.122193
0.122184
0.12199
0.122097
0.122096
0.122065
0.122134
0.122093
0.122085
0.12182
0.12198
0.121981
0.121995
0.121847
0.121848
0.121846
0.121863
0.12184
0.121847
0.12185
0.121971
0.121849
0.121874
0.121875
0.121842
0.12193
0.12193
0.121992
0.12187
0.121903
0.121892
0.121973
0.121852
0.121874
0.121875
0.121772
0.121922
0.12191
0.121909
0.121918
0.121849
0.121875
0.121875
0.121924
0.121847
0.121848
0.121848
0.121792
0.121877
0.121861
0.121862
0.12189
0.121772
0.121833
0.121838
0.12179
0.121879
0.121879
0.121873
0.121929
0.121905
0.121904
0.121888
0.121931
0.12191
0.121911
0.121971
0.12182
0.121894
0.121896
0.12194
0.121813
0.121816
0.121815
0.121831
0.12169
0.12169
0.12169
0.121687
0.121833
0.121785
0.121785
0.12184
0.121749
0.121751
0.121753
0.121745
0.121829
0.121793
0.121792
0.121837
0.121752
0.121753
0.121753
0.121683
0.121716
0.121717
0.121726
0.121537
0.121594
0.121589
0.121564
0.121735
0.121721
0.121723
0.121816
0.121808
0.121807
0.121818
0.121753
0.121778
0.12178
0.121789
0.121732
0.121757
0.121757
0.121734
0.121814
0.121813
0.121808
0.121926
0.121849
0.121849
0.121738
0.121772
0.121772
0.121749
0.121897
0.121896
0.121896
0.121896
0.121803
0.121837
0.121839
0.121855
0.121736
0.121737
0.121747
0.121731
0.121782
0.121732
0.121724
0.12174
0.121595
0.121601
0.1216
0.121581
0.121632
0.121615
0.121611
0.12164
0.121584
0.121601
0.121603
0.121581
0.121628
0.121611
0.121593
0.121577
0.121626
0.1216
0.1216
0.121632
0.121523
0.121544
0.121547
0.121547
0.121358
0.121406
0.121417
0.121405
0.121446
0.121419
0.121433
0.121437
0.121394
0.121431
0.121428
0.121436
0.121394
0.121415
0.121414
0.121446
0.121256
0.121262
0.121261
0.121238
0.121286
0.121264
0.121283
0.121258
0.121363
0.1213
0.1213
0.121308
0.121234
0.12124
0.121239
0.121213
0.12126
0.121235
0.121238
0.121227
0.121276
0.121269
0.121023
0.121086
0.121085
0.12101
0.121089
0.121074
0.121089
0.121009
0.121062
0.12106
0.121091
0.121008
0.121027
0.121004
0.121064
0.121043
0.121039
0.121006
0.121046
0.121016
0.121015
0.121026
0.120932
0.120924
0.120894
0.121041
0.121032
0.121025
0.121066
0.120985
0.120996
0.121003
0.120978
0.121027
0.121019
0.121015
0.120974
0.121074
0.121023
0.121028
0.12099
0.121056
0.121049
0.121042
0.121019
0.121129
0.121073
0.120992
0.121078
0.121032
0.121037
0.121055
0.12098
0.12102
0.12102
0.12101
0.121059
0.121036
0.121035
0.12096
0.121091
0.121046
0.121046
0.121087
0.120998
0.121054
0.121048
0.121035
0.121091
0.121049
0.121051
0.121095
0.120965
0.12103
0.121039
0.121092
0.120948
0.121039
0.121047
0.121083
0.121009
0.121083
0.121102
0.120968
0.121036
0.121034
0.121086
0.121003
0.121054
0.121051
0.121161
0.121148
0.121154
0.121133
0.121182
0.12115
0.121151
0.121174
0.121134
0.121161
0.121164
0.121085
0.121087
0.121087
0.121105
0.121045
0.121045
0.121044
0.121166
0.121126
0.121138
0.121159
0.121049
0.121131
0.121135
0.121206
0.121103
0.121146
0.121147
0.12117
0.121111
0.121122
0.121121
0.121157
0.121081
0.121096
0.121099
0.121027
0.121074
0.121074
0.12099
0.121104
0.121073
0.121072
0.121082
0.12104
0.121064
0.121066
0.121015
0.121133
0.121109
0.121102
0.121119
0.120987
0.121076
0.121065
0.121019
0.121093
0.121075
0.121107
0.120981
0.121071
0.121069
0.121046
0.121109
0.121069
0.12107
0.121119
0.121015
0.1211
0.121102
0.121213
0.121027
0.121208
0.121208
0.121227
0.121129
0.121114
0.121201
0.121104
0.121148
0.121139
0.121132
0.121327
0.121239
0.121239
0.121258
0.121145
0.121175
0.121178
0.121182
0.121129
0.121139
0.121139
0.121129
0.121183
0.121151
0.121133
0.121098
0.121249
0.121212
0.12121
0.121152
0.121231
0.121209
0.121218
0.121228
0.121138
0.121164
0.121164
0.121239
0.121049
0.121071
0.121072
0.121108
0.121048
0.121103
0.121123
0.121139
0.121059
0.121065
0.121073
0.121095
0.121052
0.121062
0.121083
0.121017
0.121053
0.121044
0.121073
0.121032
0.121052
0.121034
0.120965
0.12107
0.121039
0.121039
0.121068
0.120902
0.120974
0.120976
0.121001
0.120915
0.12094
0.12094
0.120892
0.120984
0.120947
0.120949
0.120974
0.1209
0.120914
0.120909
0.12096
0.120902
0.120903
0.120887
0.120928
0.120907
0.120907
0.120894
0.120961
0.120916
0.120911
0.120898
0.120937
0.120919
0.120918
0.120934
0.120904
0.120913
0.12091
0.120906
0.12094
0.120914
0.120926
0.120893
0.120961
0.120917
0.120916
0.120941
0.120869
0.120877
0.120875
0.120857
0.12096
0.120877
0.12088
0.120755
0.120914
0.120829
0.120828
0.120845
0.120611
0.120765
0.120758
0.120738
0.120829
0.120808
0.120807
0.120795
0.120863
0.120841
0.120831
0.120865
0.120783
0.120782
0.12091
0.120898
0.120855
0.120783
0.12093
0.120855
0.120857
0.120872
0.120832
0.120854
0.120851
0.120799
0.120921
0.120888
0.120833
0.120813
0.120901
0.120857
0.120901
0.120853
0.120947
0.120919
0.120887
0.120893
0.120845
0.120873
0.120872
0.120787
0.121113
0.121109
0.121113
0.121123
0.120849
0.120874
0.12092
0.120928
0.120841
0.120883
0.120882
0.120875
0.120974
0.120974
0.121021
0.120893
0.120938
0.120936
0.120898
0.120983
0.120937
0.120926
0.120938
0.120875
0.120884
0.120865
0.120792
0.12108
0.121078
0.121084
0.121102
0.121068
0.121087
