6.2992
6.3032
6.3072
6.2875
6.2895
6.2925
6.2915
6.2933
6.2889
6.2881
6.2875
6.2883
6.2899
6.2909
6.2903
6.2903
6.2923
6.2919
6.2919
6.2937
6.2952
6.2976
6.2986
6.2982
6.2974
6.2982
6.299
6.3002
6.3018
6.3014
6.3018
6.3032
6.3054
6.3062
6.3074
6.3042
6.3056
6.3066
6.3054
6.304
6.3036
6.3036
6.3092
6.3052
6.3042
6.3062
6.3076
6.3066
6.3042
6.3052
6.3076
6.3032
6.3022
6.3113
6.3135
6.3151
6.3157
6.3131
6.3211
6.3221
6.3251
6.3231
6.3201
6.3211
6.3197
6.3199
6.3217
6.3225
6.3229
6.3239
6.3231
6.3213
6.3187
6.3185
6.3201
6.3201
6.3167
6.3169
6.3167
6.3211
6.3161
6.3155
6.3155
6.3165
6.3165
6.3217
6.3211
6.3135
6.3211
6.3141
6.3135
6.3205
6.3099
6.3084
6.3066
6.3076
6.3084
6.3068
6.3078
6.3103
6.3121
6.3147
6.3191
6.3209
6.3209
6.3201
6.3177
6.3161
6.3147
6.3147
6.3161
6.3175
6.3211
6.3241
6.3131
6.3203
