0.8089
0.8091
0.8085
0.8088
0.8088
0.8088
0.8092
0.8091
0.8091
0.8091
0.8095
0.8095
0.8095
0.8093
0.8094
0.8094
0.8094
0.8091
0.8092
0.8092
0.8092
0.809
0.8091
0.8091
0.8094
0.8089
0.809
0.809
0.8088
0.8089
0.8089
0.8091
0.8087
0.8087
0.8087
0.8085
0.8087
0.8087
0.8088
0.8084
0.8084
0.8084
0.8087
0.8087
0.8087
0.8089
0.8087
0.8087
0.8087
0.8088
0.8086
0.8087
0.8087
0.8088
0.8086
0.8087
0.8087
0.8087
0.8086
0.8087
0.8087
0.8087
0.8085
0.8085
0.8085
0.8085
0.8081
0.8084
0.8083
0.8084
0.8079
0.8079
0.8079
0.8083
0.808
0.808
0.8082
0.8079
0.808
0.8079
0.8079
0.8085
0.8083
0.8083
0.8082
0.8086
0.8086
0.8086
0.8086
0.8083
0.8083
0.8083
0.8083
0.8081
0.8082
0.8082
0.8083
0.8081
0.8081
0.8081
0.8081
0.8082
0.8082
0.8081
0.8082
0.8082
0.8082
0.8083
0.8082
0.8082
0.8082
0.8082
0.8082
0.8082
0.8082
0.8081
0.8083
0.8082
0.8082
0.8081
0.8083
0.8082
0.8082
0.8082
0.8084
0.8084
0.8084
0.8084
0.8085
0.8085
0.8085
0.8085
0.8086
0.8086
0.8086
0.8086
0.8086
0.8086
0.8086
0.8087
0.8086
0.8087
0.8087
0.8087
0.8088
0.8088
0.8088
0.8087
0.809
0.809
0.809
0.8089
0.8093
0.8091
0.8091
0.8092
0.809
0.8091
0.8091
0.809
0.8092
0.8092
0.8092
0.8093
0.8092
0.8092
0.8092
0.8091
0.8092
0.8092
0.8092
0.8096
0.8094
0.8094
0.809
0.8091
0.8091
0.8091
0.809
0.809
0.809
0.809
0.8089
0.809
0.809
0.809
0.8087
0.8089
0.8089
0.809
0.8088
0.8088
0.8088
0.8088
0.8089
0.8088
0.8088
0.8091
0.809
0.809
0.809
0.8091
0.8091
0.8091
0.809
0.8092
0.8091
0.8091
0.8091
0.8092
0.8091
0.8091
0.8091
0.8092
0.8092
0.8092
0.8092
0.809
0.809
0.809
0.8091
0.8089
0.8089
0.8089
0.8089
0.809
0.8089
0.8089
0.809
0.8089
0.8089
0.8089
0.8089
0.8091
0.809
0.809
0.809
0.8089
0.809
0.809
0.8089
0.8091
0.8091
0.8091
0.8091
0.809
0.809
0.809
0.809
0.8091
0.8091
0.809
0.8092
0.8092
0.8092
0.8092
0.8091
0.8091
0.8091
0.8091
0.8091
0.8091
0.8091
0.809
0.8091
0.8091
0.809
0.8091
0.8091
0.8091
0.8092
0.8091
0.8091
0.8091
0.8092
0.8091
0.8091
0.8091
0.809
0.809
0.809
0.809
0.809
0.809
0.809
0.8088
0.8089
0.8089
0.8088
0.809
0.8089
0.8089
0.8087
0.809
0.8089
0.8089
0.8089
0.8093
0.8093
0.8093
0.8093
0.809
0.809
0.809
0.8091
0.8088
0.8088
0.8088
0.8088
0.8094
0.8094
0.8094
0.8093
0.8094
0.8093
0.8093
0.8092
0.8094
0.8094
0.8094
0.8095
0.8092
0.8094
0.8094
0.8094
0.8095
0.8095
0.8095
0.8094
0.8097
0.8097
0.8097
0.8099
0.8096
0.8097
0.8097
0.8091
0.8092
0.8092
0.8093
0.8091
0.8092
0.8092
0.809
0.8092
0.8091
0.8091
0.8094
0.8091
0.8093
0.8093
0.8093
0.809
0.8091
0.8091
0.8092
0.8092
0.8092
0.8092
0.8098
0.8097
0.8097
0.8105
0.8103
0.8103
0.8104
0.81
0.8102
0.8102
0.8102
0.8107
0.8106
0.8106
0.8106
0.8102
0.8103
0.8103
0.8103
0.8107
0.8107
0.8107
0.8107
0.8103
0.8105
0.8105
0.8106
0.8104
0.8105
0.8105
0.8105
0.8105
0.8105
0.8105
0.8105
0.8108
0.8106
0.8106
0.8107
0.8106
0.8106
0.8106
0.8106
0.8107
0.8107
0.8107
0.8106
0.8108
0.8107
0.8107
0.8107
0.8105
0.8105
0.8105
0.8106
0.8105
0.8105
0.8105
0.8106
0.8105
0.8105
0.8105
0.8101
0.8101
0.8101
0.8101
0.81
0.8101
0.8101
0.8101
0.8104
0.8103
0.8103
0.8104
0.8102
0.8102
0.8102
0.8103
0.8102
0.8103
0.8103
0.8103
0.8105
0.8105
0.8105
0.8106
0.8103
0.8103
0.8103
0.8103
0.8102
0.8103
0.8103
0.8102
0.8107
0.8106
0.8106
0.8106
0.811
0.811
0.811
0.811
0.8113
0.8111
0.8111
0.8111
0.8107
0.8108
0.8108
0.8108
0.8106
0.8106
0.8109
0.8108
0.8108
0.8108
0.8105
0.8106
0.8106
0.8106
0.8104
0.8104
0.8104
0.8102
0.8103
0.8103
0.8103
0.8105
0.8105
0.8105
0.8105
0.8107
0.8107
0.8107
0.8107
0.8106
0.8107
0.8107
0.8106
0.8107
0.8106
0.8106
0.8106
0.8107
0.8107
0.8107
0.8107
0.8107
0.8107
0.8107
0.8107
0.811
0.8109
0.8109
0.8109
0.8107
0.8108
0.8108
0.8109
0.8107
0.8107
0.8107
0.8107
0.811
0.8109
0.8109
0.8109
0.8111
0.8111
0.8111
0.811
0.8111
0.8111
0.8111
0.8111
0.811
0.811
0.811
0.8111
0.8108
0.8108
0.8108
0.8107
0.8108
0.8108
0.8108
0.8108
0.8107
0.8108
0.8108
0.8108
0.8108
0.8108
0.8108
0.8108
0.8106
0.8106
0.8106
0.8106
0.8107
0.8106
0.8106
0.8107
0.8105
0.8106
0.8106
0.8104
0.8107
0.8105
0.8105
0.8104
0.8106
0.8105
0.8105
0.8105
0.8103
0.8103
0.8103
0.8103
0.8106
0.8105
0.8105
0.8106
0.8102
0.8103
0.8103
0.8102
0.8103
0.8103
0.8103
0.8103
0.81
0.81
0.81
0.8098
0.81
0.8099
0.8099
0.8099
0.8101
0.8101
0.8101
0.8102
0.81
0.81
0.81
0.81
0.8099
0.81
0.81
0.8099
0.8102
0.8101
0.8101
0.8101
0.8103
0.8103
0.8103
0.8103
0.8103
0.8103
0.8103
0.8101
0.8103
0.8103
0.8103
0.8105
0.8103
0.8103
0.8103
0.8101
0.8105
0.8105
0.8105
0.8104
0.8106
0.8106
0.8106
0.811
0.8108
0.8108
0.8108
0.8111
0.8108
0.8108
0.8106
0.8108
0.8108
0.8108
0.8108
0.8107
0.8108
0.8108
0.8106
0.8106
0.8106
0.8107
0.8104
0.8105
0.8105
0.8105
0.8103
0.8104
0.8104
0.8103
0.8105
0.8105
0.8105
0.8103
0.8104
0.8104
0.8104
0.8103
0.8103
0.8103
0.8102
0.8104
0.8103
0.8103
0.8104
0.8103
0.8103
0.8103
0.8104
0.81
0.8101
0.8101
0.81
0.8104
0.8103
0.8103
0.8103
0.8101
0.8101
0.8101
0.8101
0.8103
0.8102
0.8102
0.8102
0.8104
0.8102
0.8102
0.8101
0.8103
0.8103
0.8103
0.8103
0.8101
0.8101
0.8101
0.8102
0.8099
0.81
0.81
0.8094
0.8094
0.8094
0.8098
0.8097
0.8097
0.8097
0.8098
0.8097
0.8097
0.8098
0.8097
0.8097
0.8097
0.8099
0.8098
0.8098
0.8101
0.8097
0.8098
0.8098
0.8098
0.8099
0.8098
0.8098
0.8098
0.8102
0.8101
0.8101
0.8101
0.8102
0.8102
0.8102
0.8102
0.81
0.8101
0.8101
0.8103
0.81
0.8101
0.8101
0.8102
0.81
0.81
0.81
0.8098
0.8101
0.8099
0.8099
0.81
0.8097
0.8098
0.8098
0.8099
0.8098
0.8098
0.8097
0.8099
0.8099
0.8099
0.81
0.8097
0.8098
0.8098
0.8094
0.8094
0.8094
0.8086
0.8086
0.8086
0.8089
0.8086
0.8088
0.8088
0.8081
0.8084
0.8084
0.8082
0.8087
0.8087
0.8087
0.8084
0.8088
0.8085
0.8085
0.8085
0.8087
0.8086
0.8086
0.8084
0.8089
0.8088
0.8088
0.8089
0.8086
0.8088
0.8088
0.8089
0.8087
0.8088
0.8088
0.8088
0.8093
0.8092
0.8092
0.8092
0.8097
0.8096
0.8096
0.8097
0.8094
0.8096
0.8096
0.8099
0.8095
0.8096
0.8096
0.8095
0.8097
0.8096
0.8096
0.8098
0.8093
0.8094
0.8094
0.8095
0.8093
0.8094
0.8094
0.8096
0.8092
0.8092
0.8092
0.8093
0.809
0.809
0.809
0.809
0.8093
0.8091
0.8091
0.8093
0.8084
0.8086
0.8086
0.8089
0.8086
0.8086
0.8086
0.8086
0.809
0.8088
0.8088
0.8086
0.809
0.8089
0.8089
0.8088
0.8091
0.809
0.809
0.8094
0.8092
0.8092
0.8093
0.809
0.8091
0.8091
0.809
0.8097
0.8093
0.8093
0.8094
0.8091
0.8091
0.8092
0.8089
0.8092
0.8092
0.8091
0.8096
0.8094
0.8094
0.8099
0.8097
0.8097
0.8096
0.8099
0.8098
0.8098
0.8098
0.8101
0.8099
0.8099
0.8099
0.8095
0.8095
0.8095
0.8096
0.8093
0.8093
0.8093
0.8095
0.8092
0.8093
0.8093
0.8093
0.8097
0.8097
0.8097
0.8097
0.8094
0.8095
0.8095
0.8094
0.8097
0.8096
0.8096
0.8095
0.81
0.8099
0.8099
0.8099
0.8104
0.8103
0.8103
0.8103
0.8101
0.8103
0.8103
0.8105
0.8103
0.8103
0.8101
0.8101
0.8101
0.8102
0.8098
0.8098
0.8098
0.8098
0.8101
0.8101
0.8101
0.8099
0.8101
0.8101
0.81
0.8101
0.81
0.81
0.81
0.8102
0.8101
0.8101
0.8101
0.8103
0.8103
0.8103
0.8103
0.8101
0.8102
0.8102
0.8099
0.8102
0.81
0.81
0.81
0.8104
0.8104
0.8104
0.8103
0.8104
0.8104
0.8104
0.8103
0.8105
0.8105
0.8105
0.8106
0.8103
0.8103
0.8103
0.8105
0.8102
0.8103
0.8103
0.81
0.8103
0.8103
0.8103
0.8105
0.81
0.81
0.81
0.81
0.8104
0.8102
0.8102
0.8102
0.8106
0.8103
0.8102
0.8103
0.8099
0.81
0.81
0.81
0.8098
0.8099
0.8099
0.8101
0.8098
0.8098
0.8098
0.8099
0.8096
0.8097
0.8097
0.8097
0.8094
0.8095
0.8095
0.8093
0.8096
0.8095
0.8095
0.8095
0.8093
0.8093
0.8093
0.8093
0.8094
0.8093
0.8093
0.8096
0.8095
0.8095
0.8091
0.8098
0.8098
0.8098
0.81
0.8097
0.8097
0.8098
0.8097
0.8099
0.8098
0.8098
0.8097
0.8106
0.8105
0.8105
0.8105
0.81
0.81
0.81
0.8103
0.8103
0.8103
0.8104
0.8103
0.8103
0.8103
0.81
0.8101
0.8101
0.8098
0.81
0.81
0.8101
0.8099
0.81
0.81
0.81
0.8097
0.8098
0.8098
0.8098
0.8096
0.8097
0.8097
0.8096
0.8098
0.8097
0.8097
0.8098
0.8095
0.8095
0.8095
0.8095
0.8092
0.8093
0.8093
0.8093
0.809
0.809
0.809
0.8091
0.8085
0.8086
0.8086
0.8086
0.8088
0.8088
0.8088
0.8087
0.8088
0.8088
0.8088
0.8088
0.8092
0.8091
0.8091
0.809
0.8092
0.8091
0.8091
0.8091
0.8093
0.8093
0.8093
0.8092
0.8095
0.8094
0.8094
0.8094
0.8094
0.8094
0.8094
0.8092
0.8094
0.8094
0.8094
0.8093
0.8094
0.8094
0.8094
0.8094
0.8097
0.8095
0.8095
0.8095
0.8098
0.8098
0.8098
0.8099
0.8095
0.8096
0.8096
0.8097
0.8095
0.8096
0.8096
0.8096
0.8098
0.8096
0.8096
0.8096
0.8099
0.8099
0.8099
0.8098
0.81
0.8099
0.8099
0.8101
0.8096
0.8096
0.8096
0.8096
0.8099
0.8098
0.8098
0.8098
0.8099
0.8099
0.8099
0.8099
0.8101
0.81
0.81
0.81
0.8096
0.8096
0.8095
0.8098
0.8097
0.8097
0.8094
0.8095
0.8095
0.8096
0.8091
0.8091
0.8091
0.8092
0.8088
0.8089
0.8089
0.8089
0.8094
0.8092
0.8092
0.8091
0.8094
0.8093
0.8093
0.8093
0.8096
0.8094
0.8094
0.8094
0.8098
0.8097
0.8097
0.809
0.8092
0.8092
0.8093
0.809
0.8091
0.8092
0.8092
0.8088
0.8091
0.8091
0.809
0.8093
0.8093
0.8093
0.8092
0.8095
0.8094
0.8094
0.8097
0.8094
0.8094
0.8094
0.8094
0.8081
0.8086
0.8086
0.8082
0.8087
0.8087
0.8087
0.8088
0.8084
0.8086
0.8086
0.8088
0.8083
0.8085
0.8085
0.8084
0.8088
0.8088
0.8088
0.8088
0.8091
0.809
0.809
0.8087
0.8094
0.8094
0.8094
0.8092
0.8096
0.8094
0.8094
0.8093
0.81
0.81
0.81
0.81
0.8093
0.8096
0.8096
0.8101
0.8098
0.8098
0.8098
0.8093
0.8093
0.8093
0.8095
0.809
0.809
0.809
0.8089
0.8094
0.8094
0.8087
0.8089
0.8089
0.8089
0.8092
0.8092
0.8092
0.8096
0.8087
0.8089
0.8089
0.809
0.8085
0.8086
0.8086
0.8086
0.8079
0.8085
0.8085
0.8083
0.8088
0.8088
0.8088
0.8092
0.8089
0.8089
0.8094
0.8094
0.8094
0.8097
0.8092
0.8094
0.8094
0.8094
0.8099
0.8098
0.8098
0.8097
0.8102
0.81
0.81
0.8097
0.8101
0.8099
0.8099
0.8102
0.8098
0.8099
0.8099
0.8096
0.81
0.8099
0.8099
0.81
0.8095
0.8096
0.8096
0.8095
0.8098
0.8098
0.8098
0.8097
0.8107
0.8106
0.8106
0.8108
0.8103
0.8106
0.8106
0.8105
0.8106
0.8106
0.8106
0.8105
0.8109
0.8106
0.8106
0.8107
0.8103
0.8105
0.8105
0.8105
0.8119
0.8119
0.8119
0.8122
0.8111
0.8114
0.8114
0.8114
0.8109
0.8109
0.811
0.8108
0.8108
0.8108
0.8105
0.8111
0.8111
0.8111
0.8117
0.8116
0.8116
0.8116
0.8111
0.8113
0.8113
0.8112
0.8119
0.8118
0.8118
0.812
0.8117
0.8118
0.8118
0.8118
0.812
0.8118
0.8118
0.812
0.8117
0.8117
0.8117
0.8116
0.8118
0.8117
0.8117
0.8114
0.8116
0.8116
0.8116
0.8115
0.8116
0.8116
0.8114
0.8114
0.8114
0.8112
0.8116
0.8115
0.8115
0.8116
0.8114
0.8114
0.8114
0.8115
0.8113
0.8114
0.8114
0.8114
0.8114
0.8114
0.8113
0.8115
0.8114
0.8114
0.8113
0.8115
0.8114
0.8114
0.8114
0.8108
0.8108
0.8108
0.8107
0.811
0.8108
0.8108
0.8109
0.8108
0.8108
0.8108
0.8109
0.8102
0.8103
0.8103
0.8102
0.8104
0.8104
0.8104
0.8106
0.8106
0.8107
0.8106
0.8106
0.8106
0.8107
0.8106
0.8106
0.8107
0.8106
0.8106
0.8106
0.8106
0.8109
0.8109
0.8109
0.811
0.8108
0.8109
0.8109
0.8109
0.811
0.811
0.811
0.8109
0.8111
0.811
0.811
0.8111
0.8109
0.8109
0.8109
0.8109
0.8106
0.8106
0.8106
0.8107
0.8104
0.8106
0.8106
0.8105
0.8106
0.8105
0.8105
0.8105
0.8106
0.8106
0.8106
0.8105
0.8105
0.8105
0.8104
0.8105
0.8105
0.8105
0.8104
0.8106
0.8105
0.8105
0.8104
0.8106
0.8105
0.8105
0.8106
0.8104
0.8106
0.8106
0.8106
0.8104
0.8105
0.8105
0.8106
0.8104
0.8105
0.8104
0.8105
0.8103
0.8104
0.8104
0.8104
0.8103
0.8103
0.8103
0.8103
0.8101
0.8102
0.8102
0.8101
0.8103
0.8103
0.8103
0.8106
0.8106
0.8106
0.8106
0.8105
0.8106
0.8106
0.8106
0.8104
0.8105
0.8105
0.8106
0.8105
0.8105
0.8105
0.8105
0.8104
0.8104
0.8104
0.8105
0.8104
0.8104
0.8104
0.8104
0.8105
0.8105
0.8105
0.8104
0.8105
0.8105
0.8105
0.8105
0.8104
0.8105
0.8105
0.8105
0.8103
0.8104
0.8104
0.8104
0.8101
0.8101
0.8101
0.81
0.8103
0.8103
0.8103
0.8101
0.8104
0.8104
0.8104
0.8105
0.8101
0.8102
0.8102
0.8101
0.8104
0.8104
0.8104
0.8104
0.8102
0.8104
0.8104
0.8104
0.8102
0.8103
0.8103
0.8103
0.8104
0.8104
0.8104
0.8104
0.8102
0.8103
0.8103
0.8103
0.8107
0.8104
0.8104
0.8104
0.8105
0.8105
0.8105
0.8104
0.8105
0.8105
0.8106
0.8104
0.8104
0.8104
0.8104
0.8106
0.8106
0.8106
0.8106
0.8104
0.8104
0.8104
0.8104
0.8105
0.8104
0.8104
0.8107
0.8106
0.8106
0.8105
0.8105
0.8105
0.8105
0.8107
0.8107
0.8107
0.8105
0.8105
0.8105
0.8105
0.81
0.8101
0.8101
0.8101
0.8098
0.81
0.81
0.81
0.8097
0.8098
0.8098
0.8099
0.8098
0.8098
0.81
0.8099
0.8099
0.8099
0.8099
0.8099
0.8099
0.8099
0.81
0.81
0.81
0.8099
0.8099
0.81
0.81
0.81
0.81
0.8103
0.8102
0.8102
0.8102
0.8104
0.8103
0.8103
0.8105
0.8103
0.8104
0.8104
0.8104
0.8102
0.8103
0.8103
0.8102
0.8104
0.8104
0.8104
0.8104
0.8102
0.8103
0.8103
0.8103
0.8099
0.8101
0.8101
0.8101
0.8098
0.8099
0.8099
0.8098
0.8099
0.8099
0.8099
0.81
0.8099
0.8099
0.8099
0.8099
0.8097
0.8097
0.8097
0.8097
0.8099
0.8098
0.8097
0.8098
0.8091
0.8092
0.8092
0.8092
0.8094
0.8094
0.8094
0.8094
0.8092
0.8092
0.8092
0.8093
0.809
0.8091
0.8091
0.8089
0.809
0.809
0.8089
0.809
0.809
0.809
0.809
0.8093
0.8093
0.8093
0.8092
0.8093
0.8093
0.8093
0.8093
0.8093
0.8093
0.8093
0.8093
0.8092
0.8092
0.8092
0.8092
0.809
0.809
0.8089
0.8093
0.8092
0.8092
0.8093
0.8092
0.8092
0.8092
0.8093
0.8092
0.8092
0.8092
0.8088
0.8089
0.8089
0.8089
0.8091
