2.5974
2.6009
2.597
2.5913
2.591
2.5903
2.59
2.5975
2.5976
2.5976
2.5975
2.5975
2.5975
2.5974
2.5973
2.5974
2.5974
2.5974
2.5976
2.5974
2.5973
2.5973
2.5974
2.5974
2.5974
2.5974
2.5974
2.5974
2.5974
2.5975
2.5974
2.5974
2.5975
2.5975
2.5974
2.5974
2.5974
2.5975
2.5974
2.5973
2.5974
2.5975
2.5974
2.5973
2.5974
2.5974
2.5974
2.5974
2.5974
2.5975
2.5973
2.5973
2.5974
2.5975
2.5975
2.5975
2.5975
2.5974
2.5974
2.5973
2.5973
2.5973
2.5973
2.5975
2.5975
2.5975
2.5975
2.5973
2.5974
2.5974
2.5974
2.5975
2.5974
2.5973
2.5974
2.5975
2.5975
2.5975
2.5974
2.5974
2.5974
2.5974
2.5976
2.5974
2.5975
2.5975
2.5974
2.5975
2.5976
2.5974
2.5973
2.5976
2.5975
2.5975
2.5974
2.5973
2.5976
2.5975
2.5974
2.5974
2.5973
2.5974
2.5974
2.5975
2.5976
2.5974
2.5973
2.5974
2.5976
2.5974
2.5974
2.5975
2.5973
2.5974
2.5975
2.5973
2.5974
2.5975
2.5974
2.5974
2.5974
2.5973
2.5973
2.5974
2.5973
2.5973
2.5974
2.5974
2.5974
2.5975
2.5976
2.5975
2.5974
2.5976
2.5974
2.5973
2.5975
2.5975
2.5974
2.5974
2.5974
2.5974
2.5974
2.5975
2.5974
2.5975
2.5974
2.5975
2.5973
2.5975
2.5974
2.5974
2.5974
2.5974
2.5975
2.5975
2.5975
2.5975
2.5975
2.5975
2.5975
2.5974
2.5975
2.5975
2.5974
2.5973
2.5975
2.5955
2.5975
2.5974
2.5976
2.5971
2.5996
2.5997
2.5977
2.5978
2.5979
2.5978
2.5979
2.5977
2.5975
2.5976
2.5977
2.5976
2.5977
2.5951
2.5974
2.5951
2.5974
2.6
2.5977
2.5951
2.5974
2.5951
2.5974
2.6
2.5977
2.5948
2.5972
2.5948
2.5972
