0.380735
0.380735
0.380916
0.380771
0.380953
0.381607
0.381316
0.381425
0.381352
0.381534
0.381316
0.381476
0.381185
0.381388
0.381607
0.381316
0.381316
0.381534
0.381316
0.381388
0.381243
0.381425
0.381403
0.381439
0.381308
0.381388
0.381534
0.381388
0.38157
0.381483
0.381549
0.38125
0.381403
0.381352
0.381447
0.381199
0.381316
0.381403
0.381461
0.381265
0.381461
0.381505
0.381374
0.381418
0.381607
0.381461
0.381607
0.381461
0.381388
0.381607
0.381461
0.381534
0.381461
0.381316
0.381461
0.381316
0.381461
0.381534
0.38157
0.381548
0.381556
0.381636
0.381505
0.381636
0.381694
0.381709
0.381665
0.381679
0.381723
0.381592
0.381665
0.38165
0.381534
0.381388
0.381534
0.381461
0.381439
0.381483
0.381323
0.381388
0.381425
0.381599
0.381345
0.381403
0.38141
0.381483
0.381287
0.381301
0.381483
0.381403
0.38141
0.381607
0.381534
0.381461
0.38157
0.381425
0.381614
0.381476
0.381316
0.380953
