1.06344
1.06338
1.06301
1.06301
1.06301
1.06301
1.06301
1.06265
1.06265
1.06301
1.06301
1.06301
1.06301
1.06301
1.06338
1.06338
1.06301
1.06301
1.06301
1.06301
1.06301
1.06301
1.06301
1.06301
1.06301
1.06301
1.06301
1.06301
1.06301
1.06301
1.06301
1.06301
1.06338
1.06338
1.06301
1.06301
1.06301
1.06301
1.06301
1.06301
1.06301
1.06301
1.06338
1.06338
1.06301
1.06301
1.06301
1.06301
1.06301
1.06301
1.06301
1.06301
1.06301
1.06301
1.06301
1.06301
1.06301
1.06301
1.06301
1.06301
1.06301
1.06301
1.06301
1.06276
1.06276
1.06301
1.06301
1.06301
1.06301
1.06301
1.06301
1.06301
1.06301
1.06301
1.06301
1.06301
1.06301
1.06301
1.06301
1.06265
1.06265
1.06301
1.06327
1.06327
1.06307
1.06276
1.06301
1.06301
1.06301
1.06301
1.06301
1.06301
1.06301
1.06301
1.06301
1.06327
1.06327
1.06301
1.06265
1.06265
1.06301
1.06301
1.06301
1.06301
1.06301
1.06301
1.06265
1.06265
1.06301
1.06327
1.06327
1.06301
1.06276
1.06301
1.06327
1.06301
1.06301
1.06301
1.06301
1.06338
1.06338
1.06296
1.06232
1.06376
1.06301
1.06301
1.06301
1.06301
1.06301
1.06301
1.06301
1.06301
1.06301
1.06301
1.06301
1.06301
1.06301
1.06301
1.06301
1.06301
1.06301
1.06301
1.06301
1.06301
1.06301
1.06301
1.06276
1.06276
1.06301
1.06301
1.06301
1.06307
1.06276
1.06301
1.06301
1.06301
1.06301
1.06301
1.06301
1.06301
1.06301
1.06276
1.06276
1.06301
1.06301
1.06301
1.06301
1.06276
1.06276
1.06301
1.06301
1.06301
1.06301
1.06301
1.06301
1.06301
1.06301
1.06301
1.06301
1.06301
1.06301
1.06301
1.06296
1.06296
1.06301
1.06301
1.06301
1.06301
1.06301
1.06301
1.06301
1.06301
1.06301
1.06301
1.06301
1.06276
1.06276
1.06301
1.06338
1.06338
1.06301
1.06301
1.06301
1.06301
1.06301
1.06301
1.06301
1.06301
1.06301
1.06301
1.06301
1.06301
1.06301
1.06301
1.06301
1.06301
1.06301
1.06301
1.06338
1.06301
1.06296
1.06301
1.06301
1.06301
1.06301
1.06301
1.06301
1.06212
1.0627
1.06245
1.06256
1.06143
1.06118
1.06168
1.06279
1.06214
1.06214
1.06205
1.06207
1.06219
1.06222
1.06218
1.06218
1.06218
1.06218
1.06218
1.06218
1.06215
1.06214
1.06098
1.06132
1.06253
1.06204
1.06204
1.06201
1.06191
1.06207
1.06211
1.06204
1.0621
1.0621
1.06208
1.06215
1.06218
1.06218
1.06218
1.06218
1.06218
1.06218
1.06218
1.06218
1.06218
1.06168
1.06277
1.06217
1.06218
1.06219
1.06217
1.06218
1.06219
1.06217
1.06218
1.06219
1.06217
1.06218
1.06219
1.06217
1.06218
1.06219
1.06218
1.06219
1.06218
1.06217
1.06218
1.06219
1.06197
1.06208
1.06214
1.06219
1.06214
1.06219
1.06214
1.06208
1.06202
1.06197
1.06208
1.06219
1.06208
1.06219
1.06208
1.06197
1.06177
1.06157
1.06255
1.06255
1.06255
1.06255
1.06255
1.06255
1.06255
1.06255
1.06245
1.06255
1.06265
