0.2677
0.2673
0.2674
0.2674
0.2673
0.2674
0.2674
0.2674
0.2674
0.2674
0.2675
0.2675
0.2676
0.2675
0.2675
0.2675
0.2674
0.2675
0.2675
0.2675
0.2674
0.2674
0.2674
0.2674
0.268
0.2673
0.2673
0.2673
0.2673
0.2673
0.2673
0.2673
0.2673
0.2673
0.2673
0.2673
0.2673
0.2673
0.2673
0.2673
0.2673
0.2674
0.2674
0.2674
0.2674
0.267
0.267
0.2675
0.2675
0.2675
0.2675
0.2675
0.2675
0.2675
0.2675
0.2675
0.2675
0.2675
0.2675
0.2674
0.2674
0.2674
0.2674
0.2674
0.2674
0.2674
0.2674
0.2674
0.2674
0.2677
0.2674
0.2675
0.2675
0.2675
0.2678
0.2675
0.2675
0.2675
0.2675
0.2675
0.2676
0.2675
0.2675
0.2675
0.2675
0.2675
0.2676
0.2676
0.2676
0.2676
0.2676
0.2676
0.2676
0.2675
0.2678
0.2675
0.2676
0.2676
0.2676
0.2676
0.2676
0.2677
0.2677
0.2677
0.2677
0.2677
0.2677
0.2679
0.2677
0.2677
0.2677
0.2677
0.2677
0.2677
0.2677
0.2677
0.2677
0.2677
0.2677
0.2677
0.2677
0.2677
0.2676
0.2679
0.2677
0.2676
0.2676
0.2676
0.2676
0.2676
0.2677
0.2677
0.2676
0.2677
0.2677
0.2676
0.2677
0.2677
0.2677
0.2677
0.2677
0.2677
0.2676
0.2676
0.2677
0.2676
0.2676
0.2677
0.2677
0.2677
0.2676
0.2677
0.2677
0.2677
0.2677
0.2677
0.2677
0.2677
0.2677
0.2677
0.2677
0.2677
0.2677
0.2677
0.2677
0.2677
0.2678
0.2677
0.2677
0.2676
0.2676
0.2676
0.2676
0.2676
0.2677
0.2676
0.2678
0.2676
0.2676
0.2676
0.2676
0.2676
0.2676
0.2676
0.2676
0.2677
0.2676
0.2676
0.2676
0.2676
0.2675
0.2675
0.2675
0.2675
0.2675
0.2674
0.2674
0.2674
0.2675
0.2675
0.2675
0.2675
0.2675
0.2675
0.267
0.2671
0.2671
0.267
0.2671
0.2671
0.2671
0.267
0.2671
0.2671
0.267
0.2671
0.2671
0.2671
0.2672
0.2672
0.2671
0.2672
0.2672
0.2671
0.2672
0.2671
0.2672
0.2673
0.2671
0.2672
0.2672
0.2672
0.2671
0.2672
0.2672
0.2672
0.2671
0.2672
0.2671
0.2672
0.267
0.267
0.267
0.267
0.267
0.267
0.267
0.2669
0.267
0.267
0.267
0.267
0.267
0.2671
0.267
0.2672
0.2672
0.2672
0.2672
0.2672
0.2671
0.2671
0.2671
0.2671
0.2669
0.2669
0.2669
0.267
0.2669
0.2669
0.2669
0.267
0.2669
0.2669
0.2669
0.2669
0.2669
0.2669
0.2669
0.2669
0.2669
0.2669
0.2669
0.2669
0.2669
0.267
0.2669
0.2669
0.267
0.267
0.2669
0.267
0.2669
0.2669
0.267
0.267
0.267
0.2669
0.2669
0.267
0.2669
0.2669
0.2669
0.2669
0.2669
0.267
0.2669
0.2669
0.2669
0.2669
0.267
0.2669
0.2669
0.2668
0.2668
0.2668
0.2668
0.2668
0.2668
0.2668
0.2668
0.2668
0.2669
0.2669
0.2668
0.2668
0.2668
0.2669
0.2668
0.2668
0.2669
0.2668
0.2668
0.2668
0.2668
0.2668
0.2667
0.2668
0.2668
0.2668
0.2668
0.2668
0.2668
0.2668
0.2669
0.2668
0.2669
0.2669
0.267
0.2669
0.2669
0.267
0.267
0.2669
0.267
0.2669
0.2669
0.267
0.267
0.2669
0.267
0.2669
0.267
0.2669
0.267
0.2669
0.267
0.2668
0.2669
0.2669
0.2668
0.2669
0.2669
0.2667
0.2668
0.2667
0.2668
0.2667
0.2667
0.2668
0.2668
0.2667
0.2669
0.2668
0.2668
0.2669
0.2668
0.2668
0.2669
0.2668
0.2668
0.2667
0.2669
0.2669
0.2669
0.2668
0.2669
0.2668
0.2669
0.2668
0.2669
0.267
0.2668
0.2669
0.2668
0.2669
0.2669
0.2669
0.2668
0.267
0.2669
0.267
0.2669
0.267
0.2669
0.267
0.2669
0.2669
0.267
0.2669
0.267
0.2669
0.267
0.267
0.2669
0.267
0.2669
0.267
0.267
0.2669
0.267
0.2669
0.267
0.2669
0.2669
0.267
0.2669
0.267
0.2669
0.2669
0.2669
0.2669
0.267
0.2669
0.267
0.2668
0.267
0.267
0.2669
0.267
0.267
0.2669
0.267
0.2669
0.2669
0.2669
0.2669
0.2669
0.2668
0.2669
0.2669
0.2669
0.2669
0.2669
0.2669
0.2669
0.2669
0.2669
0.2669
0.2669
0.2669
0.2669
0.2669
0.2669
0.2669
0.2669
0.2669
0.2669
0.2669
0.2669
0.2669
0.2669
0.2669
0.2668
0.2668
0.2669
0.2668
0.2668
0.2668
0.2668
0.2668
0.2668
0.2667
0.2668
0.2668
0.2668
0.2668
0.2669
0.2669
0.2668
0.2668
0.2668
0.2669
0.2668
0.2669
0.2669
0.2668
0.2668
0.2669
0.2669
0.2668
0.2669
0.2668
0.2669
0.2668
0.2669
0.2668
0.2669
0.2668
0.2669
0.2669
0.2668
0.2669
0.2669
0.2669
0.2668
0.2669
0.2669
0.2669
0.267
0.2669
0.2669
0.2669
0.267
0.267
0.267
0.267
0.267
0.267
0.2672
0.2671
0.2672
0.2671
0.2672
0.2671
0.2673
0.2673
0.2671
0.2671
0.2671
0.2671
0.2671
0.2671
0.2671
0.267
0.2671
0.267
0.2671
0.2671
0.2671
0.2671
0.2671
0.2671
0.2671
0.2673
0.2671
0.2671
0.2671
0.2671
0.267
0.2671
0.2668
0.267
0.2669
0.2671
0.2672
0.2672
0.2672
0.2672
0.2674
0.2675
0.2674
0.2674
0.2676
0.2676
0.2676
0.2676
0.2676
0.2676
0.2675
0.2676
0.2676
0.2677
0.2676
0.2676
0.2676
0.2675
0.2676
0.2676
0.2676
0.2676
0.2676
0.2676
0.2675
0.2675
0.2675
0.2675
0.2675
0.2673
0.2674
0.2674
0.2673
0.2673
0.2673
0.2673
0.2673
0.2673
0.2673
0.2674
0.2674
0.2673
0.2672
0.2672
0.2672
0.2672
0.2672
0.2672
0.2672
0.2671
0.267
0.267
0.2669
0.267
0.2669
0.2667
0.2668
0.2669
0.2668
0.2669
0.2669
0.2669
0.2671
0.267
0.2671
0.267
0.2671
0.2671
0.2671
0.2671
0.2671
0.2671
0.2671
0.2671
0.2672
0.2671
0.2671
0.2671
0.2671
0.2673
0.2671
0.2672
0.2673
0.2673
0.2672
0.2671
0.2672
0.2671
0.267
0.2672
0.2672
0.2671
0.2672
0.2673
0.2672
0.2674
0.2674
0.2674
0.2673
0.2673
0.2673
0.2674
0.2674
0.2675
0.2674
0.2677
0.2677
0.2678
0.2679
0.2678
0.2678
0.2677
0.2679
0.2678
0.2684
0.2681
0.2681
0.2679
0.268
0.2679
0.2683
0.2681
0.2681
0.2683
0.2682
0.2682
0.2681
0.2682
0.2682
0.2683
0.2682
0.2684
0.2684
0.2685
0.2684
0.2686
0.2686
0.2685
0.2687
0.2687
0.2687
0.2689
0.2686
0.2687
0.2687
0.2687
0.2685
0.2685
0.2683
0.2683
0.2685
0.2684
0.2684
0.2681
0.2681
0.2681
0.2681
0.2682
0.2681
0.268
0.2681
0.2681
0.268
0.2681
0.268
0.2681
0.2681
0.2681
0.2681
0.2682
0.2684
0.2683
0.2683
0.2683
0.2683
0.2683
0.2683
0.2683
0.2683
0.2683
0.2683
0.2687
0.2684
0.2684
0.2685
0.2684
0.2684
0.2684
0.2683
0.2684
0.2686
0.2686
0.2685
0.2685
0.2683
0.2684
0.2683
0.2684
0.2684
0.2684
0.2682
0.2683
0.2685
0.2684
0.2686
0.2687
0.2686
0.2687
0.2687
0.2686
0.2686
0.2687
0.2687
0.2687
0.2692
0.2691
0.2691
0.2693
0.2694
0.2696
0.2695
0.2696
0.2695
0.2695
0.2695
0.2696
0.2697
0.2697
0.2698
0.2697
0.2696
0.2696
0.2693
0.2693
0.2692
0.2691
0.2693
0.2692
0.2694
0.2692
0.2693
0.2692
0.2692
0.2692
0.2691
0.2691
0.2691
0.2691
0.2694
0.2694
0.2694
0.2692
0.2693
0.2693
0.269
0.2692
0.2692
0.2692
0.2691
0.2691
0.2692
0.2692
0.2691
0.2691
0.2692
0.2692
0.2692
0.2694
0.2693
0.2693
0.2694
0.2693
0.2693
0.2694
0.2694
0.2693
0.2693
0.2692
0.2692
0.2693
0.2694
0.2694
0.2692
0.2692
0.2692
0.2693
0.2692
0.2692
0.2693
0.2693
0.2693
0.2693
0.269
0.269
0.269
0.2691
0.2691
0.2691
0.2691
0.2691
0.269
0.2692
0.2691
0.2692
0.2692
0.2692
0.2691
0.2692
0.2691
0.2691
0.2691
0.2691
0.2691
0.2691
0.2691
0.2692
0.2693
0.2693
0.2691
0.2692
0.2692
0.2694
0.2692
0.2692
0.2692
0.2691
0.2692
0.269
0.269
0.269
0.269
0.2689
0.2691
0.2691
0.2692
0.2691
0.2691
0.2691
0.269
0.269
0.269
0.2689
0.269
0.2688
0.269
0.2689
0.2689
0.2687
0.2688
0.2688
0.2682
0.2687
0.2688
0.2687
0.2687
0.2686
0.2686
0.2687
0.2686
0.2686
0.2686
0.2686
0.2685
0.2685
0.2685
0.2686
0.2684
0.2684
0.2685
0.2684
0.2685
0.2682
0.2681
0.2682
0.268
0.268
0.268
0.2678
0.2678
0.2679
0.2677
0.2677
0.2677
0.2676
0.2677
0.2677
0.2678
0.2678
0.2679
0.2677
0.2677
0.2677
0.2677
0.2678
0.2678
0.2678
0.2678
0.2677
0.2678
0.2677
0.2678
0.2679
0.2679
0.2679
0.2678
0.268
0.2681
0.268
0.2682
0.268
0.268
0.2681
0.268
0.2681
0.2681
0.268
0.2679
0.268
0.2679
0.268
0.2679
0.2679
0.268
0.268
0.2679
0.2677
0.2677
0.2677
0.2679
0.2678
0.2678
0.2679
0.2678
0.2678
0.2678
0.2678
0.2678
0.2678
0.2678
0.2677
0.2678
0.2677
0.2677
0.2677
0.2677
0.2677
0.2679
0.2679
0.268
0.2681
0.2681
0.2682
0.2681
0.2682
0.2681
0.2683
0.268
0.2683
0.2683
0.2682
0.2684
0.2684
0.2683
0.2685
0.2686
0.2684
0.2684
0.2683
0.2686
0.2684
0.2684
0.2685
0.2685
0.2685
0.2684
0.2685
0.2685
0.2685
0.2684
0.2685
0.2684
0.2685
0.2684
0.2686
0.2686
0.2685
0.2685
0.2684
0.2685
0.2685
0.2685
0.2684
0.2685
0.2685
0.2684
0.2684
0.2684
0.2685
0.2684
0.2684
0.2684
0.2683
0.2683
0.2682
0.2684
0.2682
0.2682
0.2684
0.2685
0.2682
0.2682
0.2681
0.2682
0.2682
0.2681
0.2681
0.2683
0.2681
0.2681
0.2681
0.268
0.2679
0.2679
0.2679
0.268
0.2679
0.2679
0.268
0.268
0.2682
0.268
0.2681
0.2681
0.2683
0.2681
0.2681
0.268
0.268
0.268
0.268
0.268
0.268
0.268
0.268
0.268
0.268
0.2679
0.268
0.2682
0.268
0.268
0.2681
0.2682
0.2679
0.268
0.268
0.268
0.268
0.268
0.268
0.2681
0.2681
0.2681
0.2683
0.2682
0.2682
0.2682
0.2684
0.2682
0.2682
0.2681
0.268
0.268
0.2679
0.268
0.2679
0.268
0.2679
0.2681
0.2679
0.2681
0.2679
0.2681
0.2679
0.2682
0.268
0.268
0.268
0.2682
0.268
0.268
0.2682
0.268
0.2681
0.268
0.268
0.268
0.2683
0.2682
0.2681
0.2682
0.2681
0.2681
0.2681
0.2681
0.2681
0.2681
0.2683
0.2681
0.2681
0.2682
0.2683
0.2682
0.2683
0.2682
0.2682
0.2682
0.2682
0.2681
0.2681
0.2683
0.2681
0.2681
0.2681
0.2681
0.2681
0.2681
0.2681
0.2681
0.2681
0.2682
0.2683
0.2685
0.2683
0.2682
0.2683
0.2684
0.2682
0.2684
0.2683
0.2685
0.2683
0.2684
0.2683
0.2685
0.2683
0.2685
0.2683
0.2684
0.2684
0.2683
0.2683
0.2683
0.2684
0.2683
0.2683
0.2685
0.2683
0.2683
0.2683
0.2685
0.2684
0.2684
0.2683
0.2683
0.2683
0.2685
0.2684
0.2683
0.2683
0.2685
0.2684
0.2685
0.2683
0.2685
0.2683
0.2683
0.2685
0.2684
0.2683
0.2684
0.2683
0.2684
0.2682
0.2684
0.2682
0.2683
0.2684
0.2682
0.2684
0.2683
0.2683
0.2684
0.2684
0.2683
0.2685
0.2684
0.2683
0.2683
0.2684
0.2684
0.2683
0.2684
0.2683
0.2685
0.2683
0.2682
0.2681
0.2683
0.2682
0.2682
0.2683
0.2682
0.2682
0.2683
0.2682
0.2682
0.2683
0.2683
0.2681
0.2682
0.2682
0.2682
0.268
0.2681
0.2681
0.2683
0.2682
0.2682
0.2681
0.2683
0.2682
0.2683
0.2682
0.2682
0.2683
0.2681
0.2681
0.2683
0.2684
0.2682
0.2683
0.2684
0.2684
0.2683
0.2685
0.2683
0.2683
0.2682
0.2684
0.2683
0.2683
0.2684
0.2683
0.2683
0.2685
0.2682
0.2684
0.2684
0.2683
0.2684
0.2684
0.2685
0.2685
0.2684
0.2685
0.2684
0.2685
0.2683
0.2684
0.2684
0.2683
0.2684
0.2684
0.2682
0.2685
0.2683
0.2684
0.2683
0.2685
0.2684
0.2685
0.2683
0.2683
0.2685
0.2683
0.2684
0.2683
0.2683
0.2685
0.2683
0.2685
0.2684
0.2684
0.2685
0.2684
0.2684
0.2685
0.2684
0.2684
0.2685
0.2684
0.2684
0.2685
0.2684
0.2683
0.2684
0.2683
0.2683
0.2684
0.2683
0.2685
0.2685
0.2684
0.2685
0.2683
0.2685
0.2684
0.2683
0.2684
0.2683
0.2683
0.2683
0.2682
0.2683
0.2684
0.2682
0.2682
0.2683
0.2682
0.2682
0.2682
0.2684
0.2682
0.2682
0.2682
0.2683
0.2682
0.2684
0.2684
0.2685
0.2683
0.2685
0.2684
0.2685
0.2683
0.2685
0.2683
0.2683
0.2685
0.2683
0.2685
0.2683
0.2684
0.2683
0.2684
0.2683
0.2684
0.2683
0.2684
0.2684
0.2682
0.2683
0.2684
0.2682
0.2685
0.2684
0.2681
0.2684
0.2682
0.2682
0.2684
0.2684
0.2683
0.2682
0.2684
0.2685
0.2683
0.2685
0.2684
0.2683
0.2685
0.2683
0.2684
0.2684
0.2683
0.2685
0.2683
0.2685
0.2683
0.2684
0.2685
0.2683
0.2684
0.2685
0.2683
0.2685
0.2685
0.2683
0.2685
0.2684
0.2685
0.2683
0.2684
0.2683
0.2683
0.2685
0.2683
0.2684
0.2683
0.2685
0.2684
