0.0104
0.0104
0.0104
0.0104
0.0104
0.0104
0.0104
0.0104
0.0104
0.0104
0.0104
0.0104
0.0104
0.0103
0.0104
0.0104
0.0104
0.0104
0.0103
0.0104
0.0104
0.0104
0.0104
0.0104
0.0104
0.0104
0.0104
0.0103
0.0104
0.0104
0.0104
0.0104
0.0104
0.0104
0.0104
0.0104
0.0104
0.0104
0.0104
0.0104
0.0104
0.0104
0.0104
0.0104
0.0104
0.0104
0.0104
0.0104
0.0104
0.0104
0.0104
0.0104
0.0104
0.0104
0.0104
0.0104
0.0104
0.0104
0.0104
0.0104
0.0104
0.0104
0.0103
0.0104
0.0104
0.0104
0.0104
0.0104
0.0104
0.0104
0.0104
0.0104
0.0103
0.0104
0.0104
0.0104
0.0104
0.0104
0.0104
0.0104
0.0104
0.0104
0.0104
0.0104
0.0104
0.0103
0.0104
0.0103
0.0103
0.0103
0.0104
0.0104
0.0103
0.0103
0.0103
0.0103
0.0104
0.0103
0.0103
0.0103
0.0104
0.0103
0.0104
0.0104
0.0103
0.0104
0.0103
0.0103
0.0103
0.0103
0.0104
0.0104
0.0104
0.0104
0.0104
0.0104
0.0104
0.0104
0.0104
0.0104
0.0104
0.0104
0.0105
0.0105
0.0105
0.0105
0.0105
0.0105
0.0104
0.0105
0.0104
0.0104
0.0104
0.0104
