0.122288
0.122305
0.122214
0.122221
0.12214
0.122123
0.122098
0.122011
0.12199
0.121973
0.12251
0.122493
0.122502
0.122512
0.122296
0.122313
0.122271
0.122297
0.122297
0.122257
0.122296
0.122288
0.122289
0.122291
0.122281
0.122288
0.122365
0.122275
0.122279
0.122288
0.122297
0.122203
0.12222
0.122203
0.122213
0.122196
0.122213
0.122169
0.122267
0.122253
0.122198
0.122213
0.122198
0.122213
0.122287
0.122304
0.122271
0.122329
0.122294
0.122299
0.122301
0.122303
0.122249
0.122351
0.122312
0.122253
0.1223
0.122248
0.122271
0.122254
0.12222
0.122304
0.122287
0.122285
0.122287
0.122272
0.122274
0.122269
0.122279
0.122278
0.122286
0.122283
0.122284
0.122289
0.122287
0.122288
0.122274
0.122298
0.122284
0.122283
0.122287
0.122253
0.122259
0.12226
0.122257
0.122258
0.122309
0.12225
0.122283
0.122279
0.12229
0.122246
0.122246
0.122243
0.122294
0.122242
0.12225
0.122279
0.12235
0.122236
0.122268
0.122264
0.122268
0.122234
0.122242
0.122263
0.122222
0.122252
0.122252
0.122257
0.122213
0.122236
0.122253
0.122258
0.122211
0.12222
0.122217
0.122219
0.122174
0.12218
0.122176
0.122242
0.122162
0.122198
0.1222
0.122121
0.122232
0.122195
0.122197
0.122075
0.122342
0.122265
0.122282
0.122375
0.122209
0.122306
0.122305
0.122349
0.122206
0.122209
0.122303
0.122298
0.122303
0.122338
0.122186
0.122279
0.122279
0.122233
0.122321
0.122265
0.122266
0.122309
0.122167
0.122221
0.12222
0.122228
0.122133
0.122175
0.122147
0.12211
0.122169
0.122168
0.122169
0.122191
0.122155
0.122191
0.122199
0.122164
0.122229
0.122183
0.122182
0.122181
0.122189
0.122185
0.122186
0.122174
0.122231
0.122233
0.122182
0.122234
0.122234
0.12216
0.122178
0.122189
0.122218
0.122105
0.122143
0.122164
0.122171
0.12214
0.12214
0.122171
0.122171
0.12214
0.122154
0.122153
0.12214
0.122178
0.122146
0.122146
0.12227
0.122137
0.122143
0.122142
0.122127
0.122161
0.12214
0.122141
0.122161
0.122134
0.12214
0.122139
0.122082
0.122176
0.122137
0.122112
0.122152
0.122148
0.122171
0.122115
0.122143
0.122132
0.12213
0.122157
0.12214
0.122142
0.122133
0.122425
0.122411
0.122413
0.12243
0.122303
0.122332
0.122331
0.122288
0.122439
0.122424
0.122423
0.122367
0.122432
0.122424
0.122423
0.122308
0.122478
0.122475
0.12248
0.122443
0.122478
0.122477
0.122499
0.122376
0.122496
0.122456
0.122498
0.122391
0.122473
0.122495
0.122376
0.122485
0.122484
0.1225
0.122253
0.122201
0.122162
0.122455
0.122391
0.122385
0.12241
0.122177
0.122196
0.122196
0.122076
0.122255
0.122255
0.122255
0.122395
0.122149
0.122162
0.122163
0.122141
0.122344
0.122344
0.122479
0.122213
0.122421
0.122405
0.122426
0.122151
0.122242
0.122244
0.122179
0.122553
0.122287
0.122286
0.122238
0.122536
0.122405
0.122292
0.122555
0.122503
0.122554
0.122554
0.122121
0.122158
0.122159
0.122405
0.122051
0.122215
0.122219
0.122164
0.122364
0.1222
0.122182
0.122146
0.122237
0.122213
0.122214
0.12221
0.122262
0.12223
0.12223
0.122237
0.122202
0.122215
0.122214
0.122177
0.122343
0.122221
0.122207
0.122321
0.1222
0.122201
0.122199
0.12232
0.12213
0.122216
0.122212
0.122252
0.122198
0.122211
0.122217
0.122207
0.122259
0.122216
0.122217
0.122197
0.12224
0.122216
0.122218
0.122253
0.122175
0.122215
0.122221
0.122202
0.122241
0.122215
0.122211
0.122207
0.122248
0.122253
0.122096
0.122215
0.122196
0.122191
0.122235
0.122233
0.122235
0.122193
0.122202
0.122201
0.122233
0.12218
0.122186
0.122193
0.122197
0.122174
0.122185
0.122191
0.122165
0.122197
0.122179
0.122212
0.122154
0.122176
0.122139
0.122198
0.122171
0.122148
0.122135
0.122197
0.122195
0.122193
0.122151
0.122212
0.122165
0.122181
0.122159
0.122216
0.122215
0.122224
0.122195
0.122218
0.122209
0.122274
0.122197
0.122221
0.122219
0.12228
0.122198
0.122218
0.122218
0.122186
0.122242
0.122216
0.122217
0.122197
0.12223
0.122217
0.122217
0.122194
0.122227
0.122215
0.122191
0.122226
0.122215
0.122215
0.122191
0.122225
0.122215
0.12219
0.122182
0.122233
0.122215
0.122216
0.122193
0.122261
0.122239
0.122248
0.122199
0.122225
0.12224
0.122243
0.122126
0.122216
0.122217
0.122194
0.122224
0.122218
0.122218
0.122221
0.122183
0.122216
0.122217
0.122187
0.122246
0.122247
0.12225
0.122208
0.122218
0.122217
0.122185
0.122226
0.122225
0.122226
0.122209
0.122285
0.122224
0.122223
0.12222
0.122267
0.122239
0.122242
0.122191
0.122261
0.122237
0.122238
0.12219
0.122259
0.122234
0.122238
0.122253
0.122204
0.122248
0.122248
0.12225
0.122182
0.122205
0.122206
0.122255
0.122238
0.122237
0.122241
0.12222
0.12222
0.122221
0.122241
0.122195
0.122219
0.12222
0.122226
0.122209
0.122221
0.122225
0.122192
0.122232
0.122214
0.122215
0.12222
0.1222
0.122214
0.122222
0.122223
0.122208
0.122217
0.122216
0.122229
0.122216
0.1222
0.122155
0.122229
0.122215
0.122214
0.122177
0.122179
0.1222
0.12207
0.122159
0.12216
0.122151
0.122177
0.122176
0.122176
0.12216
0.122187
0.122187
0.122201
0.122155
0.122189
0.122168
0.122161
0.122207
0.12218
0.122183
0.122158
0.122215
0.122179
0.12218
0.122167
0.122227
0.122205
0.122205
0.122232
0.12217
0.12219
0.122229
0.122237
0.12214
0.122172
0.122168
0.122181
0.122121
0.122139
0.12214
0.122133
0.122171
0.122161
0.122165
0.122201
0.122108
0.12216
0.122163
0.122063
0.122182
0.122168
0.12217
0.122184
0.122152
0.122146
0.122147
0.122105
0.122115
0.122151
0.122145
0.122167
0.122116
0.122141
0.12213
0.122141
0.122118
0.122118
0.122154
0.122102
0.122147
0.122154
0.122082
0.122143
0.12213
0.122191
0.122177
0.122178
0.122201
0.122159
0.122167
0.122154
0.122104
0.122188
0.12216
0.122156
0.122121
0.12218
0.122159
0.122161
0.122168
0.1221
0.122114
0.122111
0.122168
0.122107
0.12216
0.122132
0.122107
0.122385
0.122356
0.122359
0.122491
0.122321
0.122387
0.122386
0.122388
0.122236
0.122368
0.122368
0.122369
0.122183
0.12219
0.122186
0.122209
0.122179
0.122181
0.122179
0.122161
0.122228
0.122205
0.122221
0.122201
0.122264
0.122261
0.12226
0.122263
0.12224
0.122252
0.122241
0.122239
0.122285
0.122283
0.122286
0.122289
0.122241
0.122246
0.122241
0.122277
0.122211
0.12225
0.122264
0.122231
0.122362
0.122292
0.122288
0.12241
0.122342
0.122344
0.122342
0.122392
0.122381
0.12238
0.122359
0.122396
0.122392
0.122393
0.122359
0.122399
0.122373
0.122374
0.122402
0.122359
0.122381
0.122362
0.122323
0.122395
0.122383
0.122397
0.122405
0.122345
0.122363
0.122362
0.122224
0.122265
0.122263
0.122249
0.122305
0.122297
0.122295
0.122313
0.122169
0.122189
0.122191
0.122168
0.122279
0.12224
0.122244
0.122202
0.122295
0.122272
0.122271
0.122284
0.122217
0.122238
0.122234
0.122161
0.122156
0.122218
0.122182
0.122181
0.122285
0.122213
0.122214
0.122184
0.122293
0.122265
0.122266
0.122261
0.122329
0.12233
0.122421
0.122301
0.122326
0.122326
0.122307
0.122379
0.122327
0.122326
0.122322
0.122359
0.122338
0.122334
0.122359
0.122327
0.122351
0.122359
0.122379
0.122311
0.122315
0.122311
0.12222
0.122364
0.122345
0.122342
0.122328
0.122435
0.122399
0.122395
0.1224
0.122359
0.122388
0.122387
0.122388
0.12235
0.122353
0.122353
0.122362
0.122331
0.122346
0.122346
0.122232
0.12228
0.122282
0.122286
0.122193
0.122236
0.122248
0.122279
0.122145
0.122146
0.122145
0.122144
0.122234
0.122233
0.122272
0.122211
0.122233
0.122234
0.122223
0.122355
0.122328
0.122327
0.122329
0.122295
0.122296
0.122295
0.122323
0.122165
0.122188
0.122189
0.122208
0.122092
0.122094
0.122093
0.122118
0.122028
0.122029
0.12203
0.122085
0.122022
0.122024
0.122025
0.121825
0.121855
0.121857
0.121984
0.121979
0.121978
0.122037
0.121965
0.121985
0.121984
0.121949
0.122032
0.12198
0.121982
0.121984
0.121904
0.121905
0.121936
0.121832
0.121857
0.121856
0.121862
0.121755
0.121798
0.121796
0.121766
0.121833
0.121811
0.12181
0.121812
0.121718
0.121737
0.121737
0.12172
0.121796
0.121775
0.121775
0.121785
0.121726
0.121765
0.121765
0.121754
0.121767
0.121764
0.121764
0.121761
0.121793
0.121768
0.121766
0.121773
0.121693
0.121694
0.121693
0.121684
0.121783
0.121769
0.121773
0.121775
0.121748
0.121765
0.121765
0.121767
0.121693
0.121728
0.121733
0.121725
0.121777
0.121773
0.121773
0.121771
0.121899
0.121877
0.121874
0.121825
0.121932
0.121893
0.121894
0.121869
0.121962
0.121929
0.121935
0.122031
0.121968
0.121969
0.121969
0.121879
0.121916
0.121917
0.121956
0.121883
0.12193
0.121931
0.12193
0.121966
0.12196
0.12196
0.121956
0.121995
0.121995
0.121995
0.121977
0.122062
0.122006
0.122006
0.121984
0.12208
0.122061
0.122061
0.12206
0.122195
0.122182
0.122183
0.122178
0.122351
0.12235
0.122318
0.122473
0.122367
0.122367
0.12233
0.122347
0.122346
0.12235
0.122149
0.122286
0.122286
0.122238
0.122287
0.122289
0.122279
0.122342
0.122338
0.122339
0.122341
0.122303
0.122318
0.122316
0.122317
0.122112
0.122182
0.12218
0.122103
0.122189
0.122133
0.122134
0.12213
0.122206
0.122186
0.122188
0.122201
0.122184
0.122187
0.122187
0.122187
0.122144
0.12215
0.122149
0.122158
0.121949
0.12201
0.122011
0.122008
0.122086
0.122055
0.122053
0.122055
0.121907
0.121941
0.121942
0.121935
0.121992
0.121971
0.121972
0.121992
0.121957
0.121984
0.121984
0.121966
0.122052
0.122052
0.121979
0.122142
0.122083
0.122083
0.122082
0.122111
0.122107
0.122109
0.122091
0.122168
0.122114
0.122114
0.122149
0.121914
0.121945
0.121943
0.121918
0.122034
0.12203
0.122029
0.122043
0.122003
0.122008
0.122005
0.122007
0.121952
0.121952
0.121894
0.121971
0.121965
0.121965
0.121991
0.121897
0.121925
0.121925
0.121924
0.12199
0.12199
0.12192
0.121936
0.121935
0.121922
0.122082
0.122043
0.122039
0.122055
0.122026
0.122036
0.122035
0.122042
0.121985
0.12199
0.121991
0.121993
0.121971
0.121979
0.121979
0.121978
0.122124
0.122084
0.122085
0.122101
0.122012
0.122023
0.122023
0.122036
0.122014
0.122016
0.122016
0.122069
0.121981
0.122009
0.122009
0.122015
0.121925
0.121924
0.121927
0.121869
0.121922
0.121923
0.121912
0.121979
0.121964
0.121964
0.121959
0.122098
0.12205
0.122049
0.122041
0.122134
0.122109
0.122108
0.122063
0.122064
0.121942
0.122087
0.122086
0.122086
0.122108
0.121951
0.122087
0.122086
0.122072
0.122114
0.122101
0.122096
0.122091
0.12215
0.122122
0.122121
0.122073
0.122132
0.122124
0.122124
0.122123
0.122171
0.122153
0.122154
0.122108
0.122115
0.122115
0.122114
0.122239
0.122171
0.122166
0.1222
0.12215
0.122181
0.122183
0.122208
0.12214
0.122154
0.122154
0.122204
0.122095
0.122096
0.122124
0.121992
0.121989
0.121889
0.122044
0.122041
0.122041
0.122043
0.121908
0.121928
0.121926
0.121881
0.121977
0.12197
0.12197
0.121945
0.122104
0.122007
0.122007
0.121992
0.122115
0.122049
0.122052
0.122056
0.121985
0.122036
0.122037
0.121996
0.122046
0.122004
0.122004
0.122048
0.121956
0.121958
0.121956
0.121874
0.121911
0.12191
0.121874
0.121999
0.121992
0.121992
0.12199
0.122027
0.122006
0.122006
0.122046
0.122039
0.122042
0.122049
0.121986
0.121988
0.122
0.121919
0.121919
0.121903
0.121953
0.121952
0.12195
0.121964
0.121905
0.121907
0.121908
0.121803
0.12186
0.121859
0.12186
0.121787
0.121815
0.121816
0.121815
0.121861
0.121815
0.121813
0.121849
0.121799
0.121808
0.12181
0.121836
0.121769
0.121811
0.121812
0.12179
0.121815
0.121808
0.121807
0.121813
0.121776
0.121799
0.121801
0.121785
0.121911
0.121908
0.122064
0.121897
0.121996
0.121996
0.122016
0.121969
0.122
0.122003
0.122009
0.121836
0.121838
0.121832
0.121916
0.121866
0.121862
0.1218
0.121909
0.121901
0.121904
0.12199
0.12199
0.121991
0.121994
0.121831
0.121838
0.121837
0.121831
0.121885
0.121874
0.121872
0.121915
0.121838
0.121839
0.121787
0.121923
0.121922
0.121961
0.121878
0.121889
0.121895
0.121919
0.121832
0.121863
0.121864
0.12185
0.12191
0.121863
0.121863
0.121849
0.121901
0.121874
0.121875
0.121855
0.121936
0.121916
0.121917
0.121877
0.121955
0.121894
0.121895
0.12187
0.121986
0.121923
0.12192
0.122058
0.122041
0.122041
0.121938
0.121986
0.12198
0.122004
0.121903
0.121929
0.12193
0.121949
0.12191
0.121922
0.121919
0.121913
0.121922
0.121921
0.121921
0.121863
0.121934
0.121897
0.121896
0.121901
0.121834
0.121836
0.121836
0.121841
0.121786
0.121792
0.121792
0.12174
0.12182
0.121785
0.121783
0.121778
0.121822
0.121806
0.121806
0.121803
0.12184
0.121838
0.121837
0.12176
0.121839
0.12184
0.121861
0.121816
0.12186
0.121858
0.121994
0.121989
0.121988
0.122017
0.121949
0.121969
0.12197
0.121855
0.121913
0.121911
0.121917
0.121847
0.121875
0.121872
0.121875
0.121823
0.12182
0.121782
0.121839
0.1218
0.121799
0.121934
0.121876
0.121882
0.121906
0.121872
0.12188
0.121878
0.121915
0.121866
0.121869
0.121869
0.12184
0.121927
0.121902
0.121903
0.12191
0.121792
0.121809
0.121822
0.121843
0.121775
0.12178
0.121786
0.121834
0.121769
0.121773
0.121771
0.121804
0.121768
0.121786
0.12178
0.121776
0.121795
0.121782
0.121784
0.121778
0.121832
0.1218
0.1218
0.121808
0.121772
0.121783
0.121784
0.121779
0.121806
0.121802
0.121801
0.121835
0.121789
0.121819
0.121819
0.1218
0.121832
0.121832
0.121834
0.121786
0.121792
0.121786
0.121772
0.121829
0.12181
0.121814
0.121826
0.121769
0.121782
0.121783
0.121762
0.121813
0.121778
0.121782
0.121784
0.121748
0.121761
0.121765
0.121754
0.121792
0.121756
0.121759
0.121804
0.121745
0.121784
0.121771
0.121818
0.121803
0.1218
0.121793
0.121818
0.1218
0.121782
0.121817
0.121697
0.1217
0.121706
0.121681
0.121759
0.121783
0.121812
0.121768
0.121785
0.121781
0.1218
0.12177
0.121779
0.121781
0.121752
0.121829
0.121802
0.121804
0.121767
0.121838
0.12178
0.121782
0.12179
0.121744
0.12176
0.121775
0.121761
0.121798
0.12177
0.12177
0.121769
0.121806
0.121786
0.121785
0.121802
0.121768
0.121798
0.121802
0.121818
0.121768
0.121774
0.121771
0.12179
0.121752
0.121753
0.121753
0.121787
0.121753
0.121772
0.121774
0.121757
0.121788
0.121779
0.121793
0.121754
0.121769
0.121769
0.121778
0.121735
0.121761
0.121789
0.12175
0.121767
0.121773
0.121752
0.121877
0.121866
0.12186
0.121887
0.121763
0.121828
0.121828
0.121912
0.121815
0.121871
0.121868
0.121809
0.121928
0.121882
0.121873
0.121818
0.121883
0.121877
0.12188
0.121827
0.121971
0.121899
0.121896
0.121839
0.121941
0.121891
0.12189
0.121838
0.121902
0.121901
0.121898
0.121902
0.121878
0.121891
0.121893
0.121913
0.121835
0.121837
0.121837
0.121842
0.121826
0.121838
0.121838
0.121827
0.121848
0.121837
0.121837
0.121829
0.121898
0.121866
0.121866
0.121902
0.121832
0.121834
0.121899
0.121907
0.121765
0.121766
0.121766
0.121723
0.121766
0.12176
0.121764
0.121781
0.121705
0.121754
0.121776
0.12193
0.121776
0.121879
0.12188
0.121823
0.121926
0.121919
0.121916
0.121909
0.121996
0.121981
0.12198
0.122003
0.121884
0.121972
0.121976
0.121961
0.121985
0.121983
0.121985
0.121986
0.121873
0.121873
0.121891
0.12189
0.12194
0.121925
0.121926
0.12193
0.121898
0.121924
0.121927
0.121904
0.121942
0.121931
0.121928
0.121931
0.121914
0.121921
0.12192
0.121904
0.121989
0.121992
0.121983
0.122036
0.12201
0.122019
0.122029
0.122006
0.122021
0.122038
0.121986
0.122003
0.122046
0.121934
0.12199
0.122006
0.121972
0.122053
0.122044
0.122023
0.122058
0.122044
0.122033
0.122058
0.121938
0.12196
0.121961
0.121917
0.122028
0.121987
0.12196
0.121954
0.12197
0.12196
0.121967
0.121974
0.12177
0.121754
0.121727
0.121875
0.121788
0.121785
0.121716
0.121865
0.121786
0.121785
0.12185
0.121768
0.121848
0.121848
0.121851
0.121767
0.121772
0.121768
0.121911
0.121751
0.121781
0.12178
0.121946
0.121733
0.121805
0.121792
0.121779
0.121849
0.121816
0.121798
0.121967
0.121954
0.121955
0.121934
0.122
0.121952
0.121954
0.121972
0.121934
0.121934
0.121954
0.121978
0.121951
0.121955
0.121954
0.121925
0.121977
0.121975
0.121935
0.121955
0.121959
0.122
0.121933
0.121952
0.121949
0.122055
0.121813
0.12181
0.121796
0.121922
0.121836
0.121861
0.121858
0.121919
0.121885
0.12191
0.121988
0.121835
0.12189
0.121891
0.121925
0.121769
0.121812
0.12183
0.121751
0.121872
0.121785
0.121782
0.121937
0.121724
0.121736
0.121749
0.121737
0.121949
0.121833
0.121842
0.121956
0.121743
0.121942
0.121946
0.121971
0.121845
0.121906
0.121899
0.121883
0.121947
0.121943
0.121943
0.121955
0.121937
0.121943
0.121948
0.121958
0.121827
0.121919
0.121923
0.121841
0.121961
0.121907
0.121907
0.121933
0.121897
0.121912
0.121913
0.121926
0.121889
0.121907
0.121907
0.12187
0.121922
0.121911
0.121912
0.121928
0.121872
0.121907
0.121909
0.121903
0.121934
0.121917
0.121918
0.121897
0.121925
0.12191
