0.614
0.6139
0.6146
0.6172
0.6172
0.6153
0.6157
0.6155
0.6172
0.6138
0.615
0.6143
0.6143
0.6143
0.6144
0.6143
0.6144
0.6143
0.6143
0.6142
0.6142
0.6143
0.6142
0.6143
0.6143
0.6143
0.6143
0.6143
0.6142
0.614
0.6141
0.614
0.614
0.6139
0.614
0.6141
0.614
0.614
0.614
0.6141
0.6141
0.6141
0.6141
0.6142
0.6142
0.6142
0.6142
0.6142
0.6142
0.6142
0.6141
0.6141
0.6142
0.6142
0.6141
0.6142
0.6142
0.6141
0.6142
0.6142
0.6143
0.6142
0.6142
0.6142
0.6143
0.6141
0.614
0.614
0.6141
0.6141
0.6141
0.6142
0.6142
0.6141
0.6141
0.6141
0.6141
0.6142
0.6142
0.6142
0.6143
0.6142
0.6142
0.6142
0.6143
0.6143
0.6143
0.6143
0.6143
0.6143
0.6143
0.6142
0.6142
0.6143
0.6142
0.6142
0.6143
0.6143
0.6143
0.6143
0.6143
0.6143
0.6143
0.6143
0.6143
0.6143
0.6143
0.6143
0.6143
0.6143
0.6143
0.6142
0.6143
0.6143
0.6142
0.6143
0.6143
0.6143
0.6143
0.6143
0.6142
0.6142
0.6142
0.6142
0.6142
0.6142
0.6142
0.6142
0.6142
0.6142
0.6142
0.6142
0.6142
0.6142
0.6141
0.6142
0.6142
0.6141
0.6142
0.6142
0.6142
0.6141
0.6141
0.6141
0.6141
0.6141
0.6141
0.6141
0.6141
0.6141
0.6141
0.6141
0.6142
0.6142
0.6142
0.6142
0.6142
0.6142
0.6142
0.6142
0.6142
0.6142
0.6143
0.6142
0.6142
0.6142
0.6142
0.6143
0.6142
0.6142
0.6142
0.6142
0.6142
0.6142
0.6142
0.6143
0.6142
0.6143
0.6142
0.6142
0.6142
0.6142
0.6142
0.6142
0.6142
0.6142
0.6143
0.6142
0.6142
0.6143
0.6142
0.6142
0.6143
0.6142
0.6142
0.6143
0.6142
0.6142
0.6143
0.6142
0.6142
0.6142
0.6142
0.6142
0.6143
0.6143
0.6143
0.6143
0.6143
0.6143
0.6143
0.6143
0.6143
0.6143
0.6143
0.6144
0.6143
0.6143
0.6143
0.6143
0.6143
0.6143
0.6143
0.6143
0.6143
0.6143
0.6143
0.6143
0.6143
0.6143
0.6143
0.6143
0.6143
0.6143
0.6143
0.6143
0.6143
0.6143
0.6143
0.6142
0.6143
0.6142
0.6142
0.6142
0.6142
0.6142
0.6142
0.6142
0.6142
0.6142
0.6142
0.6142
0.6142
0.6142
0.6142
0.6142
0.6143
0.6142
0.6141
0.6142
0.6143
0.6142
0.6142
0.6142
0.6142
0.6142
0.6143
0.6143
0.6143
0.6142
0.6142
0.6143
0.6143
0.6143
0.6143
0.6142
0.6143
0.6142
0.6142
0.6143
0.6142
0.6142
0.6142
0.6142
0.6142
0.6142
0.6142
0.6142
0.6142
0.6142
0.6143
0.6143
0.6142
0.6142
0.6142
0.6142
0.6142
0.6142
0.6142
0.6142
0.6142
0.6142
0.6142
0.6142
0.6142
0.6142
0.6142
0.6142
0.6143
0.6143
0.6143
0.6143
0.6144
0.6145
0.6145
0.6145
0.6145
0.6145
0.6145
0.6146
0.6147
0.6147
0.6146
0.6146
0.6146
0.6146
0.6146
0.6146
0.6146
0.6146
0.6146
0.6146
0.6147
0.6147
0.6147
0.6146
0.6146
0.6146
0.6146
0.6145
0.6145
0.6146
0.6147
0.6146
0.6146
0.6147
0.6147
0.6146
0.6146
0.6146
0.6146
0.6146
0.6146
0.6145
0.6146
0.6145
0.6146
0.6144
0.6144
0.6144
0.6145
0.6145
0.6146
0.6145
0.6146
0.6146
0.6145
0.6149
0.6148
0.6148
0.6149
0.6149
0.6148
0.6148
0.6149
0.6148
0.6148
0.6149
0.6149
0.6148
0.6149
0.6148
0.6144
0.6148
0.6148
0.6149
0.6148
0.6148
0.6148
0.6148
0.6147
0.6147
0.6147
0.6147
0.6147
0.6147
0.6147
0.6148
0.6148
0.6147
0.6148
0.6147
0.6147
0.6148
0.6148
0.6147
0.6148
0.6148
0.6149
0.615
0.615
0.6149
0.6149
0.6149
0.6149
0.6149
0.6149
0.6149
0.6149
0.615
0.6149
0.6149
0.615
0.615
0.615
0.615
0.615
0.6149
0.615
0.6151
0.6149
0.615
0.6151
0.6151
0.6151
0.6151
0.6151
0.6151
0.6152
0.6151
0.6152
0.6151
0.6151
0.6153
0.6152
0.6151
0.6153
0.6152
0.6153
0.6152
0.6151
0.6152
0.6151
0.6151
0.6151
0.615
0.615
0.615
0.615
0.6151
0.6151
0.615
0.6149
0.6151
0.6151
0.6151
0.6153
0.6153
0.6152
0.6152
0.6153
0.6155
0.6154
0.6154
0.6157
0.6157
0.6158
0.6157
0.6157
0.6157
0.6158
0.6156
0.6156
0.6156
0.6155
0.6157
0.6156
0.6156
0.6148
0.6148
0.6149
0.6149
0.6149
0.6149
0.6149
0.6149
0.6149
0.6148
0.6148
0.6148
0.6147
0.6147
0.6147
0.6148
0.6147
0.6147
0.6146
0.6146
0.6146
0.6146
0.6146
0.6146
0.6145
0.6146
0.6146
0.6145
0.6145
0.6145
0.6145
0.6145
0.6145
0.6146
0.6147
0.6147
0.6146
0.6146
0.6146
0.6146
0.6146
0.6146
0.6147
0.6148
0.6147
0.6148
0.6148
0.6148
0.6148
0.6148
0.6148
0.6149
0.6148
0.6148
0.6148
0.6149
0.6149
0.6148
0.6148
0.6148
0.615
0.615
0.615
0.615
0.615
0.615
0.615
0.6148
0.6149
0.6149
0.6151
0.6151
0.6155
0.6156
0.6158
0.6157
0.6157
0.6156
0.6156
0.6157
0.6157
0.6156
0.6157
0.6157
0.6156
0.6156
0.6157
0.6156
0.6156
0.6157
0.6157
0.6157
0.6157
0.6156
0.6156
0.6157
0.6157
0.6155
0.6155
0.6154
0.6154
0.6154
0.6154
0.6156
0.6156
0.6156
0.6157
0.6156
0.6156
0.6155
0.6155
0.6155
0.6156
0.6156
0.6157
0.6157
0.6157
0.6157
0.6157
0.6158
0.6156
0.6156
0.6157
0.6157
0.6158
0.6158
0.6158
0.6159
0.6159
0.6159
0.6162
0.6163
0.6166
0.6164
0.6164
0.6165
0.6164
0.6164
0.6163
0.6163
0.6163
0.6163
0.6163
0.6163
0.6162
0.6163
0.6162
0.6162
0.6166
0.6166
0.6166
0.6169
0.6169
0.6169
0.617
0.6169
0.617
0.6171
0.6173
0.6171
0.6171
0.617
0.6172
0.6172
0.6173
0.6172
0.6172
0.6173
0.6173
0.6172
0.6171
0.6172
0.6172
0.6171
0.6171
0.6171
0.6172
0.6171
0.6171
0.6171
0.6168
0.6168
0.6168
0.6169
0.6169
0.6168
0.6169
0.6169
0.617
0.617
0.6169
0.617
0.6169
0.6169
0.6169
0.6168
0.6168
0.6167
0.6167
0.6168
0.6167
0.6168
0.6168
0.6166
0.6165
0.6165
0.6166
0.6166
0.6166
0.6164
0.6164
0.6164
0.6164
0.6164
0.6164
0.6164
0.6164
0.6165
0.6164
0.6165
0.6164
0.6164
0.6164
0.6163
0.6163
0.6162
0.6163
0.6163
0.6161
0.6161
0.6158
0.616
0.6156
0.6159
0.6154
0.6156
0.6155
0.6156
0.616
0.6156
0.6158
0.6158
0.6157
0.6158
0.6159
0.6158
0.6159
0.6159
0.6155
0.6153
0.6158
0.6157
0.6154
0.6152
0.6155
0.6157
0.6159
0.6158
0.616
0.6166
0.6164
0.6168
0.6167
0.6167
0.6168
0.6165
0.6165
0.6162
0.616
0.6158
0.6158
0.616
0.616
0.6162
0.6162
0.6159
0.6158
0.6158
0.616
0.6159
0.6159
0.6161
0.6161
0.6162
0.6167
0.6167
0.6167
0.6166
0.6166
0.6165
0.6167
0.6169
0.617
0.6169
0.6169
0.6174
0.6174
0.6173
0.6176
0.6176
0.6174
0.6174
0.6176
0.6175
0.6174
0.6174
0.6172
0.6171
0.6171
0.6171
0.6171
0.6171
0.6173
0.6173
0.6175
0.6175
0.6175
0.6181
0.6182
0.6182
0.6184
0.6183
0.6183
0.6185
0.6185
0.6183
0.6184
0.6183
0.6183
0.6184
0.6184
0.6184
0.6186
0.6186
0.6186
0.6185
0.6184
0.618
0.618
0.6183
0.6183
0.6182
0.6181
0.6182
0.618
0.618
0.6182
0.6183
0.6186
0.6187
0.6188
0.6186
0.6187
0.6189
0.6189
0.6189
0.619
0.619
0.6188
0.6188
0.6188
0.6187
0.6187
0.6188
0.6186
0.6187
0.6188
0.6189
0.6187
0.6187
0.6188
0.6186
0.6186
0.6184
0.6185
0.6185
0.6184
0.6184
0.6184
0.6187
0.6189
0.6191
0.619
0.6191
0.6191
0.6191
0.6191
0.619
0.6191
0.6191
0.6191
0.6192
0.6191
0.6191
0.6192
0.6196
0.6195
0.62
0.6199
0.6198
0.6198
0.6198
0.6199
0.6198
0.6198
0.6198
0.6198
0.6198
0.6198
0.6198
0.6198
0.6198
0.6197
0.6197
0.6197
0.6197
0.6198
0.6198
0.6198
0.6198
0.6199
0.62
0.62
0.6199
0.6199
0.6199
0.6199
0.6199
0.6199
0.6199
0.62
0.6203
0.6203
0.6203
0.6203
0.6204
0.6203
0.6203
0.6204
0.6203
0.6203
0.6202
0.6202
0.6202
0.6201
0.6201
0.62
0.62
0.6201
0.6201
0.6201
0.6202
0.6202
0.6202
0.6205
0.6205
0.6204
0.6205
0.6205
0.6205
0.6204
0.6204
0.6204
0.6204
0.6203
0.6203
0.6203
0.6202
0.6202
0.6202
0.6202
0.6201
0.6201
0.6201
0.6201
0.6201
0.6201
0.6201
0.6201
0.6201
0.6201
0.6201
0.6201
0.6201
0.6201
0.6201
0.6201
0.6203
0.6202
0.6203
0.6202
0.6202
0.6202
0.6202
0.6202
0.6201
0.6201
0.6201
0.6199
0.62
0.6201
0.6199
0.6199
0.6199
0.6203
0.62
0.6199
0.6199
0.6199
0.6199
0.6199
0.6199
0.6199
0.6199
0.6199
0.6199
0.6199
0.6199
0.6199
0.6199
0.6199
0.6199
0.6199
0.6199
0.6199
0.6199
0.6199
0.6199
0.6199
0.6199
0.6199
0.6199
0.6199
0.6199
0.6199
0.6199
0.6199
0.6199
0.6199
0.6199
0.6199
0.6199
0.6199
0.6199
0.6199
0.6199
0.6199
0.6199
0.6199
0.6203
0.6199
0.6201
0.6201
0.6201
0.6202
0.6202
0.6201
0.6202
0.6202
0.6201
0.6201
0.6202
0.6202
0.6201
0.6201
0.6201
0.6202
0.6201
0.6201
0.6201
0.6202
0.6202
0.6203
0.6202
0.6202
0.6203
0.6202
0.6202
0.6202
0.6201
0.6201
0.6201
0.6201
0.6201
0.6201
0.6202
0.6201
0.6201
0.6201
0.6201
0.6202
0.6202
0.6202
0.6202
0.6202
0.6202
0.6202
0.6202
0.6201
0.6201
0.6201
0.6201
0.6201
0.6201
0.6201
0.6201
0.6201
0.6202
0.6202
0.6201
0.6202
0.6201
0.6201
0.6201
0.6202
0.6202
0.6202
0.6202
0.6202
0.6202
0.6203
0.6203
0.6202
0.6201
0.6201
0.6201
0.6202
0.6202
0.6203
0.6202
0.6202
0.6202
0.6202
0.6203
0.6203
0.6202
0.6202
0.6203
0.6203
0.6203
0.6203
0.6202
0.6203
0.6203
0.6203
0.6203
0.6203
0.6203
0.6203
0.6203
0.6203
0.6202
0.6203
0.6203
0.6203
0.6203
0.6203
0.6203
0.6203
0.6202
0.6202
0.6202
0.6202
0.6201
0.6201
0.6201
0.6202
0.6202
0.6201
0.6202
0.6202
0.6202
0.6203
0.6203
0.6203
0.6202
0.6202
0.6203
0.6203
0.6203
0.6203
0.6203
0.6203
0.6203
0.6201
0.6202
0.6206
0.6202
0.6202
0.6203
0.6202
0.6204
0.6204
0.6204
0.6204
0.6204
0.6204
0.6205
0.6205
0.6205
0.6205
0.6203
0.6205
