0.9521
0.9523
0.9521
0.9521
0.9521
0.9522
0.9519
0.9519
0.9519
0.952
0.952
0.952
0.9521
0.9519
0.952
0.952
0.9521
0.9519
0.952
0.952
0.952
0.9523
0.9523
0.9523
0.9524
0.9521
0.9521
0.9521
0.952
0.9522
0.9521
0.9521
0.9521
0.9519
0.952
0.9521
0.9521
0.9524
0.9522
0.9522
0.9525
0.9524
0.9524
0.9524
0.9521
0.9523
0.9522
0.9522
0.9521
0.9521
0.9521
0.9523
0.9522
0.9522
0.9522
0.9523
0.9523
0.9523
0.9525
0.9524
0.9524
0.9524
0.9526
0.9526
0.9527
0.9524
0.9526
0.9526
0.9525
0.953
0.953
0.953
0.9528
0.9532
0.953
0.9531
0.9531
0.9528
0.9529
0.9529
0.9529
0.9527
0.9527
0.9526
0.9526
0.9526
0.9525
0.9527
0.9527
0.9526
0.953
0.9528
0.9528
0.9528
0.9532
0.9531
0.9531
0.9532
0.9528
0.953
0.953
0.9531
0.9529
0.9529
0.9529
0.9528
0.953
0.9529
0.9529
0.9529
0.953
0.953
0.953
0.953
0.9528
0.953
0.953
0.953
0.9529
0.9529
0.9529
0.9529
0.9527
0.9528
0.9528
0.9528
0.9525
0.9525
0.9523
0.9525
0.9525
0.9524
0.9523
0.9525
0.9525
0.9525
0.9526
0.9524
0.9525
0.9525
0.9524
0.9525
0.9524
0.9524
0.9525
0.9524
0.9524
0.9524
0.9524
0.9521
0.9523
0.9523
0.9522
0.9523
0.9523
0.9523
0.9523
0.9522
0.9523
0.9523
0.9522
0.9523
0.9523
0.9523
0.9522
0.9523
0.9523
0.9523
0.9519
0.952
0.9521
0.952
0.9522
0.9522
0.9522
0.9524
0.9523
0.9524
0.9523
0.9525
0.9525
0.9524
0.9527
0.9526
0.9526
0.9525
0.9526
0.9526
0.9526
0.9526
0.9527
0.9527
0.9527
0.9525
0.9527
0.9526
0.9526
0.9525
0.9526
0.9526
0.9524
0.9525
0.9525
0.9525
0.9525
0.9525
0.9525
0.9524
0.9525
0.9524
0.9524
0.9527
0.9527
0.9528
0.9526
0.9526
0.9526
0.9527
0.9525
0.9526
0.9526
0.9526
0.9527
0.9527
0.9527
0.9527
0.9524
0.9525
0.9525
0.9525
0.9529
0.9529
0.9529
0.9526
0.9526
0.9526
0.9526
0.9527
0.9527
0.9527
0.9526
0.9527
0.9527
0.9527
0.9523
0.9524
0.9524
0.9526
0.9523
0.9524
0.9524
0.9524
0.9526
0.9526
0.9527
0.9527
0.9527
0.9528
0.9527
0.9527
0.9527
0.9528
0.9527
0.9527
0.9527
0.9528
0.9526
0.9527
0.9527
0.9526
0.9528
0.9528
0.9528
0.9527
0.953
0.9528
0.9529
0.9532
0.9531
0.9531
0.9532
0.953
0.9531
0.9531
0.9531
0.9534
0.9532
0.9532
0.9527
0.9528
0.9527
0.9526
0.9529
0.9529
0.9529
0.953
0.9528
0.9529
0.9529
0.9529
0.9526
0.9527
0.9527
0.9526
0.9529
0.9529
0.953
0.9527
0.9527
0.9526
0.9529
0.9528
0.9528
0.9527
0.9528
0.9527
0.9527
0.9528
0.9524
0.9525
0.9525
0.952
0.9522
0.9522
0.9524
0.9522
0.9522
0.9522
0.9522
0.9521
0.9521
0.9522
0.9523
0.9521
0.9521
0.9521
0.9516
0.9518
0.9518
0.9522
0.9522
0.9522
0.9522
0.952
0.952
0.952
0.9522
0.9515
0.9516
0.9516
0.9506
0.9509
0.9509
0.951
0.9506
0.9508
0.9507
0.9508
0.9502
0.9505
0.9505
0.9505
0.9512
0.951
0.951
0.9502
0.9504
0.9504
0.9504
0.9511
0.9508
0.9508
0.9508
0.9505
0.9506
0.9506
0.9505
0.9507
0.9507
0.9507
0.9503
0.9503
0.9503
0.9502
0.9504
0.9504
0.9504
0.9505
0.9504
0.9504
0.9505
0.9503
0.9503
0.9503
0.9506
0.9506
0.9506
0.9504
0.9505
0.9505
0.9505
0.9507
0.9507
0.9507
0.9507
0.951
0.951
0.951
0.9511
0.9509
0.951
0.951
0.951
0.9506
0.9507
0.9507
0.9506
0.9506
0.9506
0.9507
0.9505
0.9505
0.9506
0.9504
0.9505
0.9505
0.9502
0.9507
0.9506
0.9506
0.9509
0.9506
0.9506
0.9506
0.9507
0.9502
0.9505
0.9504
0.9497
0.9498
0.9498
0.9491
0.9494
0.9493
0.9493
0.9496
0.9496
0.9495
0.9498
0.9498
0.9498
0.9498
0.9496
0.9498
0.9498
0.9497
0.95
0.9499
0.9499
0.9499
0.9502
0.9502
0.9502
0.9501
0.9503
0.9502
0.9502
0.9503
0.9501
0.9501
0.9501
0.9502
0.9499
0.9499
0.9499
0.9499
0.9501
0.9501
0.9501
0.9502
0.9502
0.9503
0.9503
0.9502
0.9502
0.9502
0.9499
0.9499
0.9499
0.95
0.9498
0.9499
0.9499
0.9499
0.95
0.95
0.95
0.9499
0.9502
0.9502
0.9501
0.9498
0.9498
0.9498
0.9498
0.9494
0.9494
0.9494
0.9498
0.9496
0.9496
0.9495
0.9498
0.9497
0.9497
0.9497
0.95
0.95
0.95
0.9499
0.9501
0.95
0.95
0.95
0.95
0.95
0.95
0.9499
0.95
0.9499
0.9499
0.9501
0.9501
0.9501
0.95
0.9501
0.9501
0.9501
0.9499
0.95
0.95
0.95
0.9501
0.9501
0.9501
0.95
0.9501
0.9501
0.9501
0.95
0.9502
0.9502
0.9502
0.9502
0.9498
0.9501
0.9501
0.9501
0.9502
0.9502
0.9502
0.9502
0.9501
0.9502
0.9502
0.9501
0.9503
0.9503
0.9504
0.9502
0.9502
0.9502
0.9502
0.95
0.9501
0.9501
0.9501
0.9502
0.9502
0.9504
0.9502
0.9503
0.9503
0.9499
0.95
0.95
0.9502
0.9499
0.9499
0.9499
0.9498
0.9498
0.95
0.9498
0.9498
0.9498
0.9496
0.9498
0.9498
0.9499
0.9496
0.9496
0.9496
0.9497
0.9494
0.9494
0.9494
0.9494
0.9492
0.9493
0.9493
0.949
0.9493
0.9494
0.9495
0.9493
0.9493
0.9493
0.9493
0.9495
0.9493
0.9493
0.9493
0.9496
0.9496
0.9496
0.9498
0.9497
0.9497
0.95
0.9499
0.9499
0.95
0.9498
0.9498
0.9497
0.95
0.95
0.95
0.9499
0.9499
0.9499
0.9499
0.9497
0.9498
0.9498
0.9498
0.9497
0.9498
0.9498
0.9502
0.9502
0.9502
0.9499
0.95
0.9501
0.9502
0.95
0.9502
0.9502
0.95
0.9501
0.9501
0.9499
0.9502
0.9501
0.9501
0.95
0.9503
0.9502
0.9503
0.9503
0.9504
0.9503
0.9503
0.9503
0.9507
0.9506
0.9513
0.9513
0.9513
0.9509
0.951
0.951
0.9508
0.9509
0.9509
0.951
0.9508
0.9508
0.9508
0.9507
0.9509
0.9509
0.9507
0.9511
0.951
0.951
0.9511
0.9508
0.9509
0.9509
0.951
0.9507
0.9509
0.9509
0.9508
0.951
0.9509
0.9509
0.9508
0.9511
0.951
0.951
0.9511
0.9508
0.951
0.951
0.951
0.9512
0.9511
0.9511
0.9512
0.9508
0.9509
0.9509
0.9508
0.9511
0.9508
0.9508
0.9509
0.9508
0.9508
0.9508
0.9509
0.9506
0.9506
0.9506
0.951
0.9508
0.9508
0.9507
0.9512
0.951
0.951
0.9516
0.9515
0.9515
0.9516
0.9514
0.9514
0.9514
0.9523
0.9521
0.9521
0.9524
0.952
0.9521
0.9521
0.9523
0.9518
0.9521
0.9521
0.9522
0.952
0.9522
0.9522
0.9522
0.9517
0.9519
0.9519
0.9517
0.952
0.9518
0.9518
0.9517
0.9521
0.952
0.952
0.952
0.9515
0.9515
0.9515
0.9516
0.9507
0.9508
0.9508
0.9508
0.9511
0.951
0.951
0.9505
0.9511
0.9511
0.9511
0.9512
0.9508
0.9509
0.9509
0.9509
0.9514
0.9513
0.9513
0.9512
0.9515
0.9514
0.9514
0.9513
0.9516
0.9515
0.9515
0.9514
0.9518
0.9518
0.9518
0.9514
0.9515
0.9516
0.9515
0.9523
0.9522
0.9522
0.9522
0.9518
0.9521
0.9521
0.9522
0.9518
0.952
0.952
0.9521
0.9517
0.9517
0.9517
0.9516
0.9518
0.9518
0.9518
0.9512
0.9515
0.9515
0.9514
0.9517
0.9517
0.9517
0.9517
0.9511
0.9513
0.9513
0.9511
0.9516
0.9516
0.9515
0.9517
0.9516
0.9516
0.9516
0.951
0.9513
0.9513
0.9513
0.9507
0.9509
0.9509
0.9511
0.9507
0.9507
0.9508
0.9509
0.9504
0.9508
0.9508
0.9512
0.9512
0.9512
0.9515
0.9515
0.9515
0.9513
0.9515
0.9515
0.9515
0.9511
0.9511
0.9511
0.9511
0.9514
0.9513
0.9513
0.9514
0.9511
0.9512
0.9512
0.9513
0.9508
0.9508
0.9502
0.9503
0.9503
0.9504
0.9502
0.9502
0.9499
0.95
0.95
0.9504
0.9504
0.9504
0.9503
0.9505
0.9505
0.9505
0.9505
0.9501
0.9501
0.9501
0.9504
0.9502
0.9502
0.95
0.9502
0.9501
0.9501
0.9501
0.9499
0.95
0.95
0.9501
0.9498
0.9499
0.9499
0.9498
0.9501
0.9501
0.9501
0.9504
0.9499
0.9501
0.9501
0.9501
0.9497
0.9497
0.9497
0.9499
0.9498
0.9498
0.9499
0.9496
0.9497
0.9497
0.9496
0.9498
0.9498
0.9498
0.9496
0.9497
0.9498
0.95
0.9497
0.9497
0.9497
0.9498
0.9495
0.9497
0.9497
0.9497
0.9493
0.9495
0.9495
0.9489
0.9494
0.9494
0.9493
0.9497
0.9496
0.9496
0.9495
0.9499
0.9498
0.9498
0.9498
0.9495
0.9497
0.9497
0.9496
0.95
0.9499
0.9499
0.9499
0.9501
0.9501
0.9502
0.9498
0.95
0.95
0.95
0.9502
0.9501
0.9501
0.95
0.9502
0.9501
0.9501
0.9497
0.95
0.9499
0.9499
0.9503
0.9502
0.9502
0.95
0.9503
0.9503
0.9503
0.9503
0.9502
0.9503
0.9502
0.9503
0.9499
0.9499
0.9499
0.9503
0.9503
0.9503
0.9499
0.95
0.95
0.9499
0.9501
0.95
0.95
0.9503
0.9502
0.9502
0.9503
0.95
0.9501
0.9501
0.95
0.9502
0.9502
0.9502
0.9502
0.9503
0.9503
0.9503
0.9503
0.9506
0.9505
0.9505
0.9505
0.9502
0.9503
0.9503
0.9503
0.9506
0.9505
0.9505
0.9509
0.9508
0.9508
0.9508
0.9509
0.9508
0.9508
0.9507
0.9512
0.9512
0.9511
0.9512
0.9509
0.951
0.951
0.9512
0.9511
0.9511
0.9511
0.9507
0.9507
0.9507
0.9509
0.9507
0.9508
0.9508
0.9505
0.9505
0.9505
0.9503
0.9504
0.9504
0.9504
0.9502
0.9503
0.9503
0.9505
0.9504
0.9504
0.9506
0.9504
0.9505
0.9505
0.9507
0.9503
0.9505
0.9505
0.9506
0.9502
0.9503
0.9503
0.9503
0.9507
0.9506
0.9506
0.9507
0.9505
0.9506
0.9506
0.9506
0.9504
0.9505
0.9505
0.9505
0.9502
0.9502
0.9502
0.9502
0.9505
0.9504
0.9504
0.9503
0.9508
0.9508
0.9508
0.9509
0.9507
0.9507
0.9507
0.9508
0.9506
0.9507
0.9507
0.9507
0.9504
0.9505
0.9505
0.9505
0.9508
0.9508
0.9508
0.9509
0.9506
0.9507
0.9507
0.9507
0.9511
0.9509
0.9509
0.9509
0.9513
0.9512
0.9512
0.951
0.9511
0.9511
0.9511
0.9504
0.9506
0.9506
0.9505
0.9508
0.9507
0.9507
0.9508
0.9504
0.9506
0.9506
0.9507
0.9503
0.9505
0.9505
0.9512
0.9511
0.9511
0.9509
0.9516
0.9515
0.9515
0.9513
0.9517
0.9514
0.9514
0.9514
0.9512
0.9512
0.9512
0.9512
0.951
0.9512
0.9512
0.9509
0.9512
0.9512
0.9512
0.9524
0.9523
0.9523
0.9527
0.9521
0.9522
0.9522
0.952
0.9526
0.9523
0.9524
0.9523
0.9529
0.9523
0.9523
0.9526
0.9522
0.9522
0.9522
0.9523
0.9518
0.9519
0.952
0.9522
0.9516
0.9517
0.9517
0.9519
0.9515
0.9517
0.9517
0.9518
0.9509
0.9509
0.9514
0.9511
0.951
0.9511
0.9508
0.951
0.951
0.951
0.9516
0.9515
0.9515
0.9514
0.9519
0.9519
0.9519
0.9521
0.9516
0.9516
0.952
0.9515
0.9516
0.9516
0.9518
0.9515
0.9517
0.9517
0.9512
0.9521
0.9519
0.9519
0.9517
0.9521
0.952
0.952
0.952
0.9528
0.9522
0.9522
0.9527
0.9522
0.9522
0.9522
0.9517
0.952
0.952
0.952
0.9516
0.9516
0.9516
0.9513
0.9519
0.9517
0.9517
0.9517
0.9513
0.9514
0.9514
0.9514
0.9508
0.951
0.951
0.951
0.9513
0.9512
0.9512
0.9508
0.9513
0.9511
0.9511
0.9516
0.9513
0.9514
0.9513
0.9516
0.9516
0.9516
0.9513
0.9513
0.9513
0.9514
0.9507
0.9508
0.9508
0.9509
0.9505
0.9505
0.9504
0.9508
0.9508
0.951
0.9506
0.9509
0.9509
0.9508
0.9512
0.951
0.951
0.9503
0.9503
0.9503
0.95
0.9505
0.9502
0.9503
0.9507
0.9507
0.9506
0.9508
0.9508
0.9508
0.9509
0.9502
0.9502
0.9503
0.9497
0.9498
0.9497
0.9502
0.95
0.9501
0.9501
0.9497
0.9498
0.9498
0.9496
0.95
0.9498
0.9498
0.9499
0.9496
0.9496
0.9496
0.9496
0.9499
0.9498
0.9498
0.9498
0.95
0.95
0.95
0.9503
0.9502
0.9502
0.9502
0.95
0.95
0.95
0.9503
0.9502
0.9503
0.9505
0.9502
0.9503
0.9504
0.9503
0.9506
0.9506
0.9506
0.9505
0.9506
0.9506
0.9506
0.9504
0.9504
0.9504
0.9505
0.9504
0.9504
0.9505
0.9504
0.9504
0.9504
0.9504
0.9512
0.9512
0.9512
0.9513
0.9511
0.9513
0.9513
0.9513
0.9512
0.9513
0.9512
0.9512
0.9518
0.9518
0.9518
0.9519
0.9516
0.9516
0.9516
0.9517
0.9515
0.9515
0.9515
0.9514
0.9516
0.9516
0.9516
0.9514
0.9514
0.9515
0.9513
0.9515
0.9515
0.9515
0.9517
0.9513
0.9513
0.9513
0.9515
0.9513
0.9513
0.9513
0.9514
0.9513
0.9513
0.9513
0.9512
0.9512
0.9512
0.9512
0.9513
0.9512
0.9512
0.9512
0.9515
0.9514
0.9514
0.9514
0.9517
0.9514
0.9514
0.9512
0.9512
0.9512
0.9513
0.9511
0.9511
0.9511
0.9511
0.9512
0.9511
0.9511
0.9513
0.9511
0.9512
0.9512
0.9513
0.951
0.9511
0.9511
0.9511
0.951
0.9511
0.9511
0.9511
0.9508
0.9509
0.951
0.9509
0.9512
0.951
0.951
0.951
0.9508
0.951
0.951
0.9509
0.9511
0.951
0.951
0.951
0.9512
0.9511
0.9511
0.9511
0.9512
0.9511
0.9511
0.9512
0.9509
0.951
0.951
0.951
0.9507
0.9508
0.9508
0.9507
0.9508
0.9507
0.9507
0.9509
0.9506
0.9507
0.9507
0.9506
0.9508
0.9508
0.9508
0.9509
0.9508
0.9508
0.9508
0.951
0.9508
0.9508
0.9509
0.9507
0.9508
0.9508
0.9508
0.9509
0.9508
0.9508
0.9509
0.9507
0.9508
0.9508
0.9507
0.9509
0.9509
0.9509
0.9509
0.9512
0.9512
0.9512
0.9512
0.9509
0.951
0.951
0.9513
0.951
0.9511
0.9511
0.951
0.9514
0.9513
0.9513
0.9514
0.951
0.951
0.951
0.951
0.9513
0.9511
0.9511
0.9511
0.9513
0.9512
0.9511
0.9512
0.9511
0.9511
0.9511
0.9511
0.9513
0.9512
0.9512
0.9512
0.9507
0.951
0.9511
0.9512
0.951
0.951
0.9509
0.9511
0.951
0.951
0.9513
0.9513
0.9513
0.9513
0.9511
0.9511
0.9511
0.9511
0.9513
0.9512
0.9512
0.9513
0.9512
0.9512
0.9512
0.9509
0.9511
0.9511
0.9511
0.9512
0.9512
0.9512
0.951
0.951
0.951
0.951
0.9509
0.9509
0.9509
0.9513
0.9512
0.9512
0.9513
0.9511
0.9512
0.9512
0.9515
0.9513
0.9513
0.9514
0.9512
0.9514
0.9514
0.9513
0.9515
0.9515
0.9515
0.9516
0.9514
0.9516
0.9515
0.9516
0.9513
0.9514
0.9514
0.9512
0.9513
0.9513
0.9514
0.9512
0.9513
0.9513
0.9513
0.951
0.9511
0.9511
0.9511
0.951
0.951
0.951
0.9509
0.9511
0.9511
0.9512
0.9511
0.9511
0.9512
0.9509
0.9511
0.9511
0.9512
0.9511
0.9512
0.9512
0.9515
0.9512
0.9512
0.9512
0.9514
0.9513
0.9513
0.9515
0.9512
0.9514
0.9514
0.9513
0.9516
0.9516
0.9515
0.9516
0.9516
0.9516
0.9514
0.9516
0.9516
0.9515
0.9522
0.952
0.952
0.9521
0.9519
0.9521
0.9521
0.9522
0.952
0.9521
0.952
0.9521
0.952
0.952
0.952
0.952
0.9522
0.9521
0.9521
0.9522
0.952
0.952
0.952
0.952
0.9521
0.9521
0.952
0.9521
0.9518
0.9518
0.9519
0.9517
0.9517
0.9517
0.9517
0.9518
0.9518
0.9518
0.9517
0.9519
0.9519
0.9519
0.9518
0.9519
0.9519
0.9518
0.9518
0.9518
0.952
0.9519
0.9519
0.9519
0.9523
0.9523
0.9522
0.9523
0.9522
0.9522
0.9522
0.9522
0.9522
