4.5754
4.5763
4.58
4.58
4.5813
4.5825
4.5825
4.5825
4.5825
4.5825
4.5825
4.5825
4.5825
4.5825
4.5825
4.5825
4.5813
4.5825
4.5825
4.5813
4.5825
4.5825
4.5813
4.5825
4.5825
4.5813
4.5813
4.5813
4.5825
4.5825
4.5813
4.5813
4.5807
4.5799
4.5807
4.5807
4.5813
4.5812
4.5812
4.5812
4.5812
4.5813
4.5812
4.5813
4.5813
4.5813
4.5813
4.5813
4.5813
4.5813
4.5813
4.5813
4.5813
4.5813
4.5813
4.5813
4.5813
4.5813
4.5813
4.5813
4.5813
4.5813
4.5813
4.5813
4.5813
4.5813
4.5813
4.5813
4.5813
4.5813
4.5813
4.5813
4.5813
4.5813
4.5813
4.5813
4.5813
4.5813
4.5813
4.5813
4.5825
4.5813
4.5825
4.5825
4.5813
4.5825
4.5825
4.5819
4.5825
4.5825
4.5819
4.5825
4.5825
4.5813
4.5813
4.5813
4.5813
4.5825
4.5838
4.5837
4.5837
4.5837
4.5837
4.5837
4.5837
4.5837
4.5837
4.5837
4.5837
4.5837
4.5837
4.5837
4.5837
4.5837
4.5837
4.5837
4.5837
4.5837
4.5837
4.5837
4.5837
4.5837
4.5837
4.5837
4.5837
4.5837
4.5837
4.5837
4.5837
4.5837
4.585
4.5848
4.585
4.5853
4.5844
4.5848
4.5848
4.5838
4.5855
4.5855
4.5863
4.587
4.5838
4.5838
4.5861
4.586
4.586
4.5864
4.585
