2.0183
2.0155
2.0202
2.0193
2.02
2.0202
2.0187
2.0196
2.0196
2.0201
2.0185
2.0185
2.0202
2.0198
2.0201
2.0196
2.02
2.02
2.0202
2.0195
2.0196
2.0196
2.0202
2.0194
2.0199
2.0201
2.0196
2.0208
2.0205
2.0205
2.0213
2.0213
2.0213
2.0214
2.0199
2.0202
2.0202
2.0207
2.0198
2.02
2.02
2.02
2.022
2.022
2.0204
2.0205
2.0205
2.0218
2.0216
2.0212
2.021
2.0219
2.0214
2.0214
2.0219
2.0202
2.0202
2.0207
2.0196
2.0203
2.0204
2.0208
2.0194
2.0193
2.019
2.0205
2.0203
2.0203
2.0207
2.0196
2.0201
2.0198
2.0203
2.0191
2.0196
2.0196
2.0194
2.0206
2.0201
2.0201
2.0207
2.0171
2.0185
2.0184
2.0175
2.0187
2.0185
2.0185
2.019
2.017
2.017
2.0161
2.0175
2.0166
2.0166
2.0177
2.0173
2.017
2.0181
2.0181
2.0181
2.0175
2.0176
2.0177
2.017
2.0182
2.018
2.0175
2.0174
2.0191
2.0186
2.0186
2.0196
2.0184
2.0191
2.0191
2.0196
2.0181
2.019
2.0189
2.0182
2.0194
2.0192
2.0192
2.0186
2.0195
2.0189
2.0189
2.0187
2.0201
2.0201
2.02
2.0201
2.0186
2.02
2.0201
2.0195
2.0207
2.0198
2.0201
2.0203
2.0186
2.0187
2.0187
2.019
2.0176
2.0181
2.0181
2.018
2.0191
2.0188
2.0187
2.018
2.0192
2.0191
2.0188
2.0182
2.0196
2.0191
2.0191
2.0195
2.0171
2.0172
2.0179
2.017
2.0173
2.0172
2.017
2.0181
2.0181
2.0179
2.019
2.0182
2.0182
2.0191
2.0181
2.0185
2.0185
2.019
2.0179
2.0181
2.0181
2.0187
2.0179
2.018
2.0178
2.0171
2.0181
2.018
2.0181
2.0181
2.0169
2.0173
2.0176
2.0179
2.0169
2.0174
2.0174
2.0176
2.017
2.0171
2.0169
2.0166
2.0175
2.0168
2.0171
2.0163
2.0174
2.0173
2.0172
2.0169
2.0176
2.0176
2.0171
2.0177
2.0175
2.0171
2.0176
2.017
2.0171
2.0171
2.0168
2.0178
2.017
2.017
2.0164
2.0175
2.017
2.017
2.017
2.0181
2.0176
2.0176
2.0181
2.0173
2.0175
2.0175
2.0168
2.0171
2.0171
2.0175
2.0165
2.0168
2.0169
2.0179
2.0178
2.0178
2.018
2.017
2.0174
2.0174
2.0179
2.0178
2.0179
2.0179
2.0166
2.0166
2.0166
2.0164
2.0176
2.0175
2.018
2.0166
2.0166
2.0165
2.0171
2.0171
2.0165
2.017
2.0169
2.0176
2.0172
2.0168
2.0176
2.0165
2.017
2.0167
2.0165
2.0178
2.017
2.017
2.0161
2.0166
2.0163
2.0172
2.016
2.0159
2.0165
2.0158
2.0161
2.0161
2.0168
2.0154
2.0155
2.0155
2.0166
2.0149
2.0151
2.0151
2.0157
2.0156
2.0159
2.0161
2.0154
2.0159
2.0158
2.0154
2.0159
2.0159
2.0161
2.0168
2.0159
2.0168
2.0171
2.0159
2.0162
2.016
2.0165
2.0158
2.0161
2.0162
2.0162
2.0155
2.0156
2.0156
2.0159
2.0155
2.0156
2.0156
2.0167
2.0151
2.0152
2.0151
2.0163
2.0162
2.0162
2.0165
2.0155
2.0162
2.0162
2.0163
2.0163
2.0163
2.0161
2.0161
2.0153
2.0154
2.0159
2.0153
2.0158
2.0158
2.0158
2.0158
2.0158
2.0163
2.0153
2.0153
2.0151
2.0156
2.0148
2.0157
2.016
2.0148
2.0152
2.0152
2.015
2.0158
2.0157
2.0161
2.0158
2.0163
2.0162
2.0163
2.0159
2.0171
2.0166
2.0166
2.0169
2.0159
2.0168
2.0171
2.0162
2.0177
2.0172
2.0172
2.0168
2.017
2.017
2.0173
2.0169
2.0171
2.0171
2.0162
2.0172
2.0167
2.0168
2.0171
2.0171
2.0167
2.0172
2.0166
2.0167
2.0167
2.0166
2.0174
2.0166
2.0166
2.0165
2.0173
2.017
2.017
2.0161
2.0161
2.0162
2.0161
2.0166
2.0166
2.0165
2.017
2.017
2.017
2.0173
2.0165
2.0165
2.0165
2.0171
2.0171
2.0171
2.017
2.017
2.0173
2.0178
2.0166
2.0167
2.0167
2.0164
2.0171
2.0167
2.0167
2.0171
2.0165
2.017
2.017
2.017
2.0164
2.0166
2.0166
2.0169
2.0164
2.0166
2.0166
2.0166
2.0157
2.0164
2.0163
2.0169
2.016
2.0161
2.0162
2.0169
2.0161
2.0163
2.0163
2.0164
2.0163
2.0163
2.0161
2.0167
2.0164
2.0162
2.0161
2.0168
2.0168
2.0168
2.0161
2.0171
2.0171
2.0171
2.0173
2.0167
2.0173
2.0173
2.0165
2.0166
2.0167
2.017
2.0163
2.0168
2.0171
2.0161
2.0161
2.016
2.0171
2.017
2.017
2.0161
2.0171
2.0167
2.0167
2.0157
2.0162
2.0162
2.0167
2.0159
2.016
2.0157
2.0162
2.0157
2.0162
2.0167
2.0158
2.0161
2.0161
2.0161
2.0161
2.0161
2.0166
2.0155
2.0156
2.0156
2.0148
2.0157
2.0157
2.0157
2.0156
2.0146
2.0154
2.0151
2.0155
2.0149
2.0151
2.0155
2.015
2.015
2.015
2.0151
2.0139
2.0142
2.0142
2.0145
2.0135
2.0135
2.0135
2.0123
2.0126
2.0123
2.0129
2.0122
2.0128
2.0128
2.0127
2.0134
2.0131
2.0131
2.0128
2.0139
2.0132
2.013
2.0143
2.0131
2.0129
2.0128
2.0135
2.0133
2.0131
2.0131
2.0143
2.0137
2.0139
2.0131
2.0139
2.0139
2.0139
2.0139
2.0141
2.0135
2.0136
2.0136
2.0138
2.0133
2.0133
2.0133
2.0133
2.0132
2.0142
2.0142
2.0142
2.0141
2.0142
2.0142
2.0143
2.0142
2.0143
2.0144
2.0136
2.0148
2.0148
2.0148
2.0148
2.0139
2.0149
2.0149
2.0149
2.0151
2.0136
2.0137
2.0136
2.0146
2.0144
2.0144
2.015
2.014
2.0142
2.0142
2.0147
2.0142
2.0147
2.0147
2.0144
2.0145
2.0145
2.0149
2.0141
2.0142
2.0142
2.014
2.0157
2.0157
