0.37694
0.37694
0.37694
0.37701
0.37576
0.37701
0.37701
0.37701
0.37701
0.37701
0.37701
0.37701
0.377
0.37701
0.37701
0.37701
0.37701
0.377
0.37701
0.37701
0.37701
0.37701
0.37701
0.37701
0.37701
0.377
0.37701
0.37701
0.37701
0.37701
0.37701
0.37701
0.37701
0.37701
0.37701
0.37701
0.377
0.37701
0.37701
0.377
0.37701
0.37701
0.37701
0.377
0.37701
0.37701
0.37701
0.37701
0.37701
0.37701
0.37701
0.37702
0.377
0.37701
0.37701
0.37822
0.37822
0.37822
0.37822
0.37701
0.37701
0.37701
0.37701
0.377
0.37701
0.37701
0.37701
0.37701
0.37701
0.37701
0.37701
0.377
0.37701
0.37701
0.377
0.37701
0.37701
0.37701
0.37701
0.377
0.37701
0.37701
0.377
0.37701
0.37701
0.37701
0.37701
0.377
0.37701
0.37701
0.37701
0.377
0.37701
0.37701
0.37701
0.377
0.37701
0.37701
0.377
0.37701
0.37701
0.37701
0.37701
0.377
0.37701
0.37701
0.37701
0.377
0.37701
0.37701
0.37703
0.37697
0.377
0.377
0.37701
0.377
0.377
0.377
0.37819
0.37695
0.37695
0.37695
0.37695
0.37576
0.37701
0.37576
0.37701
0.37701
0.37701
0.377
0.377
0.377
0.377
0.37701
0.377
0.377
0.37701
0.377
0.37701
0.377
0.37701
0.37701
0.37701
0.377
0.37701
0.377
0.37701
0.377
0.377
0.377
0.37701
0.377
0.37701
0.377
0.37764
0.37704
0.37704
0.37641
0.37701
0.37701
0.37701
0.377
0.37701
0.37701
0.37701
0.377
0.37701
0.37701
0.37701
0.377
0.37701
0.37701
0.37701
0.377
0.37701
0.37701
0.3782
0.37696
0.37696
0.37696
0.37696
0.37636
0.3775
0.3775
0.3775
0.3775
0.377
0.377
0.377
0.37651
0.37701
0.37701
0.377
0.37701
0.37637
0.37697
0.37697
0.37697
0.37697
0.37697
0.37697
0.37637
0.3775
0.377
0.377
0.37701
0.377
0.377
0.377
0.3775
0.37701
0.37701
0.377
0.3775
0.377
0.377
0.37701
0.377
0.377
0.377
0.3775
0.37701
0.37701
0.37701
0.377
0.37701
0.37701
0.37701
0.377
0.37701
0.37701
0.37701
0.377
0.37701
0.377
0.37825
0.37704
0.37704
0.37704
0.37704
0.3758
0.37701
0.377
0.37701
0.377
0.37701
0.37701
0.37701
0.377
0.37701
0.37701
0.37701
0.377
0.37701
0.37701
0.37701
0.377
0.37701
0.37701
0.37701
0.377
0.37701
0.377
0.37701
0.37701
0.37701
0.377
0.37701
0.37701
0.37701
0.37701
0.37701
0.37701
0.37701
0.37701
0.37701
