1.0016
1.0016
1.0018
1.0017
1.0018
1.0016
1.0019
1.0017
1.0017
1.0019
1.0015
1.0017
1.0017
1.0018
1.0016
1.0018
1.0018
1.0019
1.0017
1.0018
1.0018
1.0017
1.0019
1.0017
1.0017
1.0017
1.0019
1.0018
1.0018
1.0019
1.0017
1.0017
1.0017
1.0017
1.0017
1.0017
1.0017
1.0017
1.0018
1.0018
1.0018
1.0018
1.002
1.0019
1.0019
1.002
1.0019
1.0019
1.0019
1.0019
1.0018
1.0018
1.0018
1.0017
1.0017
1.0017
1.0018
1.0017
1.0017
1.0017
1.0016
1.0019
1.0019
1.0017
1.0019
1.0017
1.0018
1.0017
1.0021
1.002
1.002
1.002
1.0018
1.0019
1.0019
1.0023
1.0019
1.0022
1.0022
1.0019
1.0019
1.0019
1.002
1.0018
1.0018
1.0018
1.0019
1.0018
1.0018
1.0018
1.0018
1.0018
1.0018
1.0018
1.0018
1.0019
1.0018
1.0018
1.0018
1.0021
1.002
1.002
1.0019
1.0021
1.002
1.002
1.0021
1.002
1.002
1.002
1.0021
1.002
1.002
1.002
1.0021
1.0019
1.002
1.002
1.002
1.0022
1.0022
1.0022
1.0022
1.002
1.002
1.002
1.002
1.002
1.002
1.0021
1.0019
1.002
1.0019
1.0019
1.002
1.0019
1.0019
1.002
1.0019
1.0019
1.0019
1.0019
1.0019
1.0019
1.0019
1.0019
1.0018
1.0019
1.0019
1.0019
1.0017
1.0017
1.0017
1.0018
1.0014
1.0015
1.0015
1.0015
1.0016
1.0015
1.0015
1.0015
1.0017
1.0016
1.0016
1.0017
1.0016
1.0016
1.0016
1.0016
1.0017
1.0016
1.0016
1.0017
1.0016
1.0016
1.0016
1.0017
1.0017
1.0017
1.0016
1.0017
1.0017
1.0017
1.0017
1.0016
1.0016
1.0016
1.0017
1.0016
1.0016
1.0016
1.0016
1.0016
1.0016
1.0016
1.0016
1.0015
1.0016
1.0016
1.0016
1.0015
1.0015
1.0015
1.0015
1.0015
1.0015
1.0015
1.0014
1.0014
1.0014
1.0014
1.0014
1.0014
1.0014
1.0015
1.0014
1.0014
1.0014
1.0014
1.0015
1.0015
1.0015
1.0015
1.0016
1.0016
1.0016
1.0015
1.0015
1.0015
1.0015
1.0016
1.0015
1.0015
1.0016
1.0014
1.0015
1.0015
1.0015
1.0016
1.0016
1.0015
1.0015
1.0015
1.0015
1.0015
1.0015
1.0015
1.0015
1.0015
1.0015
1.0015
1.0014
1.0014
1.0014
1.0014
1.0014
1.0014
1.0014
1.0014
1.0015
1.0015
1.0015
1.0014
1.0014
1.0014
1.0015
1.0014
1.0014
1.0014
1.0014
1.0014
1.0014
1.0014
1.0014
1.0015
1.0015
1.0015
1.0014
1.0015
1.0015
1.0015
1.0014
1.0014
1.0014
1.0014
1.0016
1.0015
1.0015
1.0015
1.0016
1.0015
1.0015
1.0015
1.0016
1.0015
1.0015
1.0015
1.0014
1.0014
1.0014
1.0015
1.0013
1.0014
1.0014
1.0013
1.0014
1.0014
1.0014
1.0014
1.0012
1.0012
1.0012
1.0013
1.0013
1.0014
1.0013
1.0013
1.0013
1.0013
1.0013
1.0013
1.0013
1.0013
1.0013
1.0013
1.0013
1.0013
1.0012
1.0012
1.0012
1.0011
1.0012
1.0012
1.0012
1.0012
1.0012
1.0012
1.0011
1.0012
1.0012
1.0012
1.0011
1.0011
1.0011
1.0011
1.0012
1.0012
1.0012
1.0012
1.0012
1.0012
1.0012
1.0012
1.0012
1.0012
1.001
1.001
1.001
1.0006
1.0007
1.0007
1.0007
1.0009
1.0008
1.0008
1.0006
1.0007
1.0007
1.0007
1.0009
1.0008
1.0008
1.0006
1.0007
1.0007
1.0007
1.0008
1.0007
1.0007
1.0007
1.0006
1.0007
1.0007
1.0007
1.0007
1.0007
1.0007
1.0006
1.0006
1.0006
1.0006
1.0007
1.0007
1.0007
1.0006
1.0006
1.0006
1.0006
1.0007
1.0006
1.0006
1.0006
1.0006
1.0006
1.0006
1.0006
1.0008
1.0007
1.0007
1.0008
1.0007
1.0008
1.0008
1.0009
1.0007
1.0008
1.0008
1.0009
1.0007
1.0007
1.0007
1.0006
1.0006
1.0006
1.0006
1.0005
1.0005
1.0005
1.0005
1.0006
1.0006
1.0006
1.0006
1.0005
1.0006
1.0006
1.0005
1.0007
1.0007
1.0007
1.0007
1.0006
1.0007
1.0007
1.0007
1.0005
1.0006
1.0006
1.0006
1.0004
1.0005
1.0005
1.0005
1.0004
1.0005
1.0005
1.0005
1.0005
1.0005
1.0005
1.0005
1.0006
1.0006
1.0006
1.0005
1.0006
1.0006
1.0006
1.0007
1.0006
1.0006
1.0006
1.0008
1.0007
1.0007
1.0008
1.0007
1.0008
1.0008
1.0008
1.0007
1.0007
1.0007
1.0007
1.0005
1.0005
1.0005
1.0005
1.0006
1.0006
1.0006
1.0008
1.0007
1.0007
1.0008
1.0007
1.0007
1.0007
1.0007
1.0007
1.0007
1.0007
1.0006
1.0007
1.0007
1.0007
1.0008
1.0007
1.0007
1.0006
1.0007
1.0007
1.0007
1.0006
1.0006
1.0006
1.0006
1.0006
1.0006
1.0007
1.0006
1.0006
1.0006
1.0007
1.0007
1.0007
1.0007
1.0007
1.0007
1.0007
1.0007
1.0008
1.0007
1.0007
1.0008
1.0008
1.0008
1.0009
1.0008
1.0008
1.0008
1.0009
1.0009
1.0009
1.0009
1.0007
1.0007
1.0007
1.0007
1.0007
1.0007
1.0007
1.0007
1.0007
1.0007
1.0007
1.0007
1.0007
1.0007
1.0007
1.0007
1.0008
1.0007
1.0007
1.0006
1.0008
1.0007
1.0007
1.0007
1.0008
1.0008
1.0008
1.0008
1.0008
1.0008
1.0008
1.0009
1.0008
1.0008
1.0009
1.0008
1.0008
1.0008
1.0007
1.0009
1.0008
1.0008
1.0009
1.0008
1.0008
1.0008
1.0009
1.0008
1.0008
1.0008
1.0009
1.0007
1.0008
1.0008
1.0009
1.0007
1.0007
1.0007
1.0008
1.0006
1.0006
1.0006
1.0008
1.0008
1.0008
1.0007
1.0008
1.0008
1.0008
1.0008
1.0007
1.0007
1.0007
1.0008
1.0006
1.0006
1.0006
1.0006
1.0007
1.0006
1.0006
1.0006
1.0007
1.0006
1.0006
1.0007
1.0007
1.0007
1.0007
1.0006
1.0007
1.0007
1.0007
1.0006
1.0007
1.0007
1.0006
1.0007
1.0007
1.0007
1.0006
1.0008
1.0007
1.0007
1.0008
1.0007
1.0007
1.0009
1.0009
1.0009
1.0011
1.0011
1.0011
1.001
1.0012
1.0012
1.0012
1.0011
1.0011
1.0011
1.0012
1.0012
1.0012
1.0012
1.0011
1.0012
1.0012
1.0011
1.0012
1.0011
1.0011
1.0011
1.001
1.0011
1.0011
1.0009
1.0009
1.0009
1.0008
1.0009
1.0009
1.0009
1.0012
1.0012
1.0012
1.0012
1.0013
1.0013
1.0013
1.0016
1.0016
1.0017
1.0014
1.0014
1.0014
1.0013
1.0016
1.0016
1.0016
1.0014
1.0014
1.0014
1.0013
1.0014
1.0014
1.0013
1.0015
1.0015
1.0015
1.0015
1.0014
1.0014
1.0014
1.0014
1.0013
1.0013
1.0013
1.0013
1.0014
1.0013
1.0013
1.0013
1.0014
1.0013
1.0013
1.0013
1.0014
1.0014
1.0014
1.0015
1.0014
1.0014
1.0014
1.0015
1.0012
1.0012
1.0012
1.0012
1.0013
1.0013
1.0013
1.0015
1.0013
1.0013
1.0013
1.0015
1.0013
1.0013
1.0013
1.0012
1.0016
1.0013
1.0013
1.0013
1.0016
1.0015
1.0015
1.0015
1.0018
1.0016
1.0016
1.0016
1.0015
1.0015
1.0015
1.0014
1.0018
1.0017
1.0017
1.0018
1.0015
1.0016
1.0016
1.0017
1.0015
1.0017
1.0017
1.0017
1.0015
1.0016
1.0016
1.0017
1.0015
1.0016
1.0016
1.0015
1.0016
1.0015
1.0015
1.0015
1.0016
1.0015
1.0015
1.0016
1.0014
1.0014
1.0014
1.0007
1.0008
1.0008
1.0008
1.0011
1.0011
1.0011
1.0009
1.0012
1.0011
1.0011
1.0012
1.001
1.001
1.001
1.001
1.0012
1.001
1.001
1.0013
1.0012
1.0012
1.0012
1.001
1.0012
1.0012
1.0011
1.0014
1.0014
1.0014
1.0013
1.0013
1.0013
1.0013
1.0019
1.0018
1.0018
1.0018
1.002
1.0019
1.0019
1.0019
1.0017
1.0018
1.0018
1.0019
1.0016
1.0016
1.0016
1.0016
1.0018
1.0017
1.0017
1.0017
1.0015
1.0015
1.0015
1.0015
1.0017
1.0016
1.0016
1.0011
1.0014
1.0014
1.0013
1.0015
1.0015
1.0015
1.0016
1.0015
1.0015
1.0015
1.0009
1.0012
1.0012
1.0008
1.0009
1.0009
1.0013
1.001
1.001
1.0011
1.0008
1.001
1.001
1.0013
1.0013
1.0013
1.0013
1.0015
1.0015
1.0015
1.0015
1.0016
1.0016
1.0016
1.0017
1.0013
1.0013
1.0013
1.0013
1.0016
1.0015
1.0015
1.0016
1.0013
1.0014
1.0014
1.0015
1.0012
1.0012
1.0012
1.001
1.0013
1.0013
1.0013
1.0013
1.0014
1.0013
1.0013
1.0013
1.0014
1.0014
1.0014
1.0015
1.0014
1.0014
1.0014
1.0013
1.0015
1.0015
1.0015
1.0011
1.0012
1.0012
1.0013
1.0013
1.0013
1.0012
1.0013
1.0013
1.0013
1.0012
1.0013
1.0013
1.0013
1.0013
1.0011
1.0011
1.0011
1.0011
1.0012
1.0012
1.0012
1.0013
1.0011
1.0012
1.0012
1.0012
1.001
1.001
1.001
1.0011
1.0008
1.0009
1.0009
1.001
1.0007
1.0009
1.0009
1.0009
1.0008
1.0008
1.0008
1.0008
1.001
1.001
1.001
1.0012
1.0009
1.0009
1.001
1.0006
1.0009
1.0009
1.0009
1.0005
1.0006
1.0006
1.0003
1.0006
1.0006
1.0006
1.0006
1.0009
1.0009
1.0009
1.0005
1.0007
1.0007
1.0006
1.001
1.0009
1.0009
1.0008
1.0012
1.0011
1.0011
1.0012
1.0011
1.0012
1.0012
1.0014
1.0011
1.0012
1.0012
1.0013
1.0011
1.0012
1.0012
1.0013
1.0011
1.0011
1.0011
1.0007
1.0008
1.0008
1.0013
1.001
1.001
1.001
1.0013
1.0012
1.0012
1.0012
1.0011
1.0011
1.0011
1.0012
1.0008
1.0009
1.0009
1.0009
1.0014
1.0014
1.0014
1.0014
1.001
1.0011
1.0011
1.0011
1.0012
1.0012
1.0012
1.0012
1.0014
1.0012
1.0012
1.0012
1.0011
1.0012
1.0012
1.0011
1.0013
1.0012
1.0012
1.0012
1.0013
1.0013
1.0013
1.0014
1.0014
1.0014
1.0014
1.0013
1.0013
1.0013
1.0013
1.0016
1.0015
1.0015
1.0015
1.0017
1.0017
1.0017
1.0019
1.0018
1.0018
1.0018
1.0022
1.0022
1.0022
1.0021
1.0022
1.0022
1.0022
1.0023
1.0022
1.0022
1.0022
1.0023
1.0021
1.0021
1.0021
1.0022
1.002
1.002
1.002
1.002
1.0017
1.0017
1.0017
1.0019
1.0015
1.0016
1.0016
1.0018
1.0017
1.0017
1.0017
1.0021
1.0021
1.0021
1.002
1.002
1.002
1.0022
1.0019
1.002
1.002
1.0019
1.0021
1.0021
1.0021
1.0021
1.0024
1.0024
1.0024
1.0024
1.0023
1.0023
1.0023
1.0023
1.0021
1.0022
1.0022
1.0022
1.002
1.0021
1.0021
1.0021
1.0024
1.0023
1.0023
1.0022
1.0028
1.0028
1.0028
1.0026
1.0029
1.0029
1.003
1.0029
1.0029
1.0029
1.0031
1.0029
1.0029
1.0029
1.0026
1.0031
1.003
1.0032
1.0034
1.0025
1.0027
1.0027
1.0027
1.003
1.0029
1.0029
1.0027
1.0034
1.0033
1.0032
1.0031
1.0033
1.0032
1.0032
1.0024
1.0025
1.0025
1.0025
1.0028
1.0027
1.0027
1.0025
1.0029
1.0029
1.0029
1.0029
1.0025
1.0028
1.0028
1.0028
1.0034
1.0033
1.0033
1.0031
1.0035
1.0034
1.0034
1.0034
1.0037
1.0036
1.0036
1.0035
1.0037
1.0035
1.0035
1.0036
1.0033
1.0035
1.0035
1.0035
1.0032
1.0034
1.0034
1.0043
1.0042
1.0042
1.0043
1.0037
1.0037
1.0037
1.0036
1.004
1.0038
1.0038
1.0043
1.0037
1.0037
1.0037
1.0037
1.0039
1.0037
1.0037
1.0037
1.0034
1.0034
1.0034
1.0037
1.0032
1.0033
1.0033
1.0033
1.003
1.0031
1.0031
1.0032
1.0026
1.0027
1.0027
1.0027
1.0032
1.0029
1.0029
1.0029
1.0023
1.0024
1.0024
1.003
1.003
1.003
1.0034
1.0029
1.0032
1.0032
1.0033
1.0029
1.0029
1.0034
1.0033
1.0033
1.0034
1.0029
1.0029
1.0027
1.0036
1.0035
1.0035
1.0036
1.0032
1.0035
1.0035
1.004
1.0034
1.0036
1.0036
1.0037
1.0034
1.0034
1.0034
1.0034
1.003
1.0033
1.0033
1.0033
1.0029
1.0029
1.0026
1.0033
1.0031
1.0031
1.0031
1.0027
1.0027
1.0027
1.0027
1.0022
1.0024
1.0024
1.0026
1.0023
1.0024
1.0024
1.0022
1.0029
1.0027
1.0027
1.0027
1.003
1.0029
1.0029
1.0026
1.003
1.003
1.003
1.0031
1.0028
1.0028
1.0028
1.0029
1.0022
1.0023
1.0023
1.0021
1.0024
1.0023
1.0023
1.0022
1.0024
1.0024
1.0024
1.0024
1.003
1.003
1.0028
1.0032
1.0031
1.0031
1.0034
1.0021
1.0021
1.0021
1.0021
1.0027
1.0022
1.0022
1.002
1.0024
1.0024
1.0024
1.0023
1.0026
1.0024
1.0024
1.0024
1.0019
1.0019
1.002
1.0015
1.0016
1.0016
1.0016
1.002
1.0018
1.0018
1.0018
1.0012
1.0012
1.001
1.0012
1.001
1.001
1.0011
1.0008
1.0009
1.0009
1.0008
1.0015
1.0014
1.0014
1.0017
1.0014
1.0015
1.0015
1.0017
1.0016
1.0016
1.0017
1.0015
1.0016
1.0016
1.0017
1.0017
1.0017
1.0017
1.0015
1.0016
1.0016
1.0015
1.0017
1.0016
1.0016
1.0015
1.0015
1.0015
1.0015
1.0012
1.0013
1.0013
1.0013
1.0009
1.001
1.001
1.0009
1.0015
1.0015
1.0013
1.0019
1.0019
1.0019
1.0019
1.0024
1.0023
1.0023
1.0024
1.0022
1.0022
1.0022
1.0025
1.0025
1.0025
1.0026
1.0023
1.0024
1.0024
1.0024
1.002
1.002
1.002
1.0022
1.0022
1.0022
1.0022
1.002
1.002
1.002
1.0019
1.002
1.002
1.002
1.0023
1.002
1.002
1.002
1.0022
1.0022
1.0022
1.0023
1.0022
1.0022
1.0022
1.0022
1.002
1.0021
1.0021
1.002
1.0023
1.0022
1.0022
1.0022
1.0026
1.0025
1.0025
1.0026
1.0024
1.0024
1.0024
1.0025
1.0024
1.0024
1.0024
1.0024
1.0025
1.0024
1.0024
1.0024
1.0026
1.0025
1.0025
1.0027
1.0025
1.0025
1.0025
1.0026
1.0024
1.0024
1.0024
1.0025
1.0024
1.0024
1.0024
1.0022
1.0022
1.0022
1.0022
1.0024
1.0023
1.0023
1.0024
1.0022
1.0022
1.0022
1.0022
1.0023
1.0022
1.0022
1.0022
1.0024
1.0024
1.0024
1.0024
1.0022
1.0022
1.0022
1.0024
1.0022
1.0022
1.0022
1.0022
1.002
1.0021
1.0021
1.0021
1.0022
1.0022
1.0022
1.0023
1.0022
1.0022
1.0022
1.0022
1.0022
1.0022
1.0022
1.0021
1.0021
1.0021
1.0021
1.0023
1.0022
1.0022
1.0022
1.0023
1.0022
1.0022
1.0023
1.0022
1.0022
1.0022
1.0022
1.0021
1.0022
1.0022
1.0021
1.0024
1.0024
1.0024
1.0024
1.0026
1.0026
1.0026
1.0026
1.0023
1.0025
1.0025
1.0026
1.0024
1.0024
1.0024
1.0024
1.0027
1.0026
1.0026
1.0026
1.0023
1.0023
1.0023
1.0021
1.0022
1.0022
1.0021
1.0023
1.0021
1.0021
1.0023
1.0021
1.0022
1.0022
1.0021
1.0023
1.0022
1.0022
1.0022
1.0019
1.002
1.002
1.002
1.0021
1.002
1.002
1.0021
1.0019
1.002
1.002
1.0019
1.0024
1.0024
1.0024
1.0024
1.0022
1.0023
1.0023
1.0024
1.0022
1.0023
1.0023
1.0023
1.0024
1.0023
1.0023
1.0022
1.0024
1.0024
1.0024
1.0023
1.0024
1.0024
1.0024
1.0023
1.0023
1.0023
1.0025
1.0024
1.0024
1.003
1.0029
1.0029
1.0031
1.0028
1.0029
1.0029
1.0028
1.003
1.003
1.003
1.003
1.0029
1.0029
1.0029
1.0029
1.003
1.003
1.003
1.003
1.0029
1.003
1.003
1.003
1.0028
1.0028
1.0028
1.0029
1.0027
1.0029
1.0029
1.0029
1.0028
1.0029
1.0029
1.0025
1.0026
1.0026
1.0026
1.0024
1.0024
1.0024
1.0024
1.0025
1.0025
1.0025
1.0026
1.0024
1.0026
1.0026
1.0026
1.0024
1.0026
1.0026
1.0026
1.0025
1.0026
1.0026
1.0028
1.0025
1.0026
1.0026
1.0026
1.0029
1.0028
1.0028
1.0029
1.0027
1.0028
1.0028
1.0028
1.0026
1.0028
1.0028
1.0027
1.0028
1.0028
1.0028
1.0028
1.003
1.003
1.0029
1.0031
1.0031
1.0031
1.0029
1.0032
1.0031
1.0031
1.0032
1.0029
1.0031
1.0031
1.0032
1.003
1.0031
1.0031
1.003
1.0032
1.0032
1.0032
1.003
1.003
1.003
1.003
1.0032
1.0031
1.0031
1.0032
1.003
1.003
1.003
1.0031
1.003
1.003
1.003
1.0032
1.0032
1.0032
1.0032
1.0031
1.0032
1.0032
1.0032
1.003
1.003
1.003
1.0031
1.003
1.003
1.003
1.0031
1.003
1.003
1.003
1.003
1.003
1.003
1.003
1.0031
1.0031
1.0031
1.0031
1.0031
1.0031
