476.55
476.8
476.7
476.7
476.62
476.62
476.62
476.45
476.52
476.52
476.49
476.51
476.46
476.39
476.58
476.45
476.46
476.45
476.57
476.61
476.5
476.7
476.75
477.0
476.95
476.95
476.95
476.89
476.92
476.92
476.68
476.8
476.8
476.62
476.64
476.64
476.8
476.55
476.55
476.55
476.58
476.57
476.58
476.5
476.89
476.89
477.08
477.08
477.13
477.22
477.03
477.1
477.1
477.0
477.0
477.0
477.38
477.36
477.37
477.4
477.35
477.35
477.36
477.29
477.29
477.28
477.3
477.25
477.3
477.28
477.3
477.25
477.28
477.28
477.1
477.18
477.18
477.42
477.4
477.4
477.4
477.31
477.31
477.21
477.2
477.3
477.27
477.27
477.32
477.23
477.24
477.24
477.3
477.3
477.3
477.4
477.29
477.29
477.29
477.35
477.35
477.25
477.09
477.1
477.11
477.18
477.1
477.16
477.16
477.25
477.07
477.07
477.07
476.97
476.99
476.97
476.93
476.96
476.93
476.95
476.68
476.68
476.68
476.9
476.85
476.85
476.83
477.55
477.45
477.5
477.55
476.73
476.92
476.92
476.94
476.77
476.78
476.8
476.95
476.71
476.8
476.75
476.65
476.87
476.74
476.82
476.99
476.99
477.07
477.15
477.05
477.06
477.06
477.07
476.97
476.98
476.97
477.04
476.86
476.99
476.96
476.95
477.16
477.1
477.11
477.02
477.25
477.19
477.15
477.05
477.11
477.11
477.13
477.05
477.03
477.06
476.98
477.05
477.05
477.24
477.15
477.15
477.21
477.19
477.19
477.75
477.3
477.35
477.57
477.57
477.6
477.35
477.6
477.6
477.62
477.35
477.35
477.48
477.39
477.6
477.6
477.6
477.4
477.87
477.77
477.9
477.55
477.64
477.78
477.63
477.7
477.76
478.4
478.39
478.4
478.15
478.25
478.27
477.45
478.4
478.35
478.3
478.35
478.28
478.15
478.17
478.17
477.65
478.32
478.14
478.14
478.22
478.22
478.22
478.05
478.1
478.1
478.11
478.11
478.12
478.0
478.2
478.2
478.2
478.3
478.3
478.31
478.15
478.15
478.17
478.4
478.37
478.37
478.5
478.58
478.6
478.42
478.5
478.54
478.85
478.84
478.84
479.0
478.9
478.88
479.12
479.12
479.03
478.95
479.1
479.1
479.02
478.64
478.72
478.71
478.77
478.72
478.72
478.72
478.72
478.62
478.84
478.84
479.24
479.24
479.36
479.31
479.59
479.59
479.59
479.65
479.47
479.56
479.63
479.55
479.72
479.72
479.67
479.63
479.79
479.71
479.66
479.55
479.72
479.7
479.65
479.55
479.69
479.6
479.6
479.37
479.42
479.42
479.38
479.38
479.38
479.65
479.57
479.53
479.58
479.54
479.44
479.5
479.4
479.45
479.45
479.5
479.35
479.4
479.45
479.19
479.2
479.25
479.12
479.15
479.15
479.2
478.96
479.1
