6.3625
6.3632
6.363
6.363
6.3642
6.3637
6.3637
6.3652
6.3652
6.3655
6.3653
6.3653
6.3657
6.3653
6.3656
6.3657
6.3657
6.365
6.3653
6.3653
6.365
6.3653
6.3653
6.3654
6.3653
6.3653
6.3653
6.3652
6.3647
6.3648
6.3647
6.3648
6.3641
6.3641
6.3641
6.3643
6.3643
6.3643
6.3643
6.364
6.3643
6.3642
6.3641
6.3643
6.3643
6.3643
6.3645
6.3642
6.3642
6.3637
6.364
6.364
6.3639
6.364
6.364
6.364
6.3638
6.3638
6.3638
6.3642
6.3642
6.3642
6.3642
6.3642
6.3642
6.3645
6.3644
6.3644
6.3644
6.3644
6.3644
6.3644
6.3644
6.3643
6.3657
6.3657
6.3665
6.3662
6.3659
6.3658
6.3661
6.3661
6.3661
6.3662
6.366
6.3658
6.3656
6.3657
6.3656
6.3652
6.3654
6.3655
6.3657
6.3655
6.3655
6.3659
6.3659
6.3663
6.3661
6.3661
6.3663
6.3662
6.3661
6.3662
6.3661
6.3658
6.3658
6.3656
6.3658
6.3658
6.3659
6.3658
6.3659
6.3659
6.3658
6.366
6.366
6.3661
6.3659
6.366
6.366
6.366
6.366
6.366
6.366
6.3659
6.3659
6.3658
6.3645
6.366
6.3645
6.3658
6.3665
6.3644
6.3644
6.3644
6.3644
6.3638
6.364
6.364
6.3641
6.364
6.3639
6.3639
6.3637
6.3638
6.3637
6.3636
6.3636
6.3636
6.3633
6.3633
6.3629
6.363
6.3631
6.3632
6.3631
6.3631
6.3631
6.3631
6.3631
6.3632
6.3658
6.3628
6.3628
6.3626
6.3626
6.3626
6.3626
6.3626
6.3626
6.3628
6.3628
6.3629
6.3628
6.3629
6.3628
6.3629
6.3624
6.3624
6.3632
6.3632
6.3633
6.3633
6.3632
6.3632
6.3632
6.3631
6.3632
6.3638
6.3638
6.3638
6.3638
6.3638
6.3637
6.3638
6.3638
6.3637
6.3636
6.3634
6.3634
6.3635
6.3634
6.3635
6.3636
6.3635
6.3639
6.3638
6.3637
6.3637
6.3639
6.3637
6.3637
6.3643
6.3643
6.3643
6.3649
6.3648
6.3648
6.3647
6.3648
6.3648
6.3649
6.3648
6.3648
6.3647
6.3647
6.3647
6.3633
6.3633
6.3644
6.364
6.364
6.3629
6.3629
6.3629
6.3625
6.3625
6.3619
6.3619
6.3622
6.3614
6.3614
6.3614
6.3616
6.3614
6.3612
6.3611
6.3614
6.3614
6.3614
6.3616
6.3615
6.3615
6.3616
6.3615
6.3615
6.3615
6.3618
6.3619
6.3618
6.3614
6.3615
6.3615
6.3616
6.3614
6.3614
6.3615
6.3614
6.3614
6.3613
6.3614
6.3614
6.3618
6.3618
6.3617
6.3613
6.3614
6.3616
6.3614
6.3614
6.3614
6.3616
6.3616
6.3614
6.3614
6.3614
6.3613
6.3615
6.3616
6.3619
6.3617
6.3617
6.3615
6.3614
6.3614
6.3615
6.3615
6.3613
6.3614
6.3614
6.3618
6.3618
6.3616
6.3616
6.3616
6.3616
6.3597
6.3598
6.3598
6.3589
6.3589
6.3589
6.359
6.3588
6.3588
6.3582
6.3605
6.3576
6.3576
6.3573
6.3578
6.3578
6.3578
6.3579
6.3578
6.3578
6.3585
6.3584
6.3584
6.3587
6.3586
6.3583
6.358
6.358
6.358
6.3578
6.3579
6.3579
6.358
6.3579
6.358
6.358
6.358
6.3584
6.3585
6.3593
6.3593
6.3593
6.359
6.36
6.36
6.3603
6.3595
6.3595
6.3602
