1791.0
1785.62
1790.0
1790.0
1785.0
1786.1
1786.1
1786.75
1784.7
1785.5
1785.5
1786.65
1784.45
1785.1
1785.1
1782.87
1784.54
1784.57
1784.2
1787.3
1785.03
1785.02
1785.0
1786.5
1785.8
1785.8
1786.72
1784.76
1785.25
1785.3
1785.23
1786.35
1785.4
1785.39
1786.18
1784.15
1785.5
1785.5
1784.5
1785.0
1785.0
1785.0
1786.32
1786.39
1785.89
1788.1
1787.65
1787.62
1785.5
1787.76
1787.55
1786.55
1787.42
1785.9
1786.0
1786.13
1786.1
1787.2
1786.75
1786.75
1787.06
1785.82
1785.96
1786.0
1785.98
1787.15
1786.7
1786.7
1785.9
1787.21
1787.2
1787.6
1785.98
1786.55
1785.97
1787.4
1785.65
1786.59
1786.59
1787.48
1785.95
1786.4
1786.43
1786.83
1785.14
1786.05
1786.05
1786.8
1785.5
1785.81
1785.81
1786.9
1786.6
1786.6
1785.68
1786.95
1786.16
1786.15
1786.08
1787.3
1786.6
1786.7
1784.76
1785.4
1785.4
1784.43
1786.15
1785.8
1785.81
1785.13
1786.4
1786.4
1786.4
1785.45
1787.43
1786.5
1786.5
1786.48
1787.17
1786.6
1786.6
1787.0
1787.0
1787.0
1785.83
1786.0
1786.35
1786.4
1785.75
1786.25
1786.25
1786.6
1785.3
1785.77
1785.77
1786.65
1785.7
1786.0
1785.2
1787.22
1786.3
1786.45
1787.0
1785.9
1786.0
1786.0
1786.47
1785.73
1786.43
1786.49
1787.47
1785.7
1785.9
1785.9
1785.35
1786.57
1786.0
1786.0
1785.5
1786.77
1786.3
1786.4
1785.6
1786.03
1786.03
1786.53
1785.3
1785.5
1785.7
1786.5
1784.93
1785.75
1785.75
1786.05
1785.08
1785.53
1785.2
1786.1
1786.1
1785.01
1786.35
1786.3
1786.3
1786.31
1785.2
1785.5
1785.5
1785.29
1786.93
1786.18
1786.15
1785.2
1785.5
1785.5
1785.2
1785.5
1785.5
1785.2
1786.33
1786.0
1786.0
1787.32
1785.5
1786.33
1787.28
1785.25
1786.3
1786.3
1785.4
1786.5
1785.51
1785.51
1785.25
1786.58
1785.73
1785.72
1786.5
1785.5
1786.0
1786.05
1785.6
1786.95
1786.3
1786.3
1786.05
1786.5
1786.2
1786.15
1784.85
1786.28
1786.03
1786.03
1785.72
1786.31
1786.0
1786.0
1786.3
1785.5
1785.5
1786.25
1786.0
1786.0
1785.28
1786.35
1786.35
1786.35
1785.33
1786.49
1786.41
1786.35
1786.91
1785.59
1786.0
1786.01
1786.6
1785.6
1786.05
1786.03
1785.43
1787.15
1786.2
1786.2
1785.38
1787.04
1786.6
1786.6
1786.0
1786.75
1786.15
1786.3
1786.8
1786.6
1786.6
1786.9
1786.5
1786.8
1786.8
1785.99
1786.45
1786.45
1787.43
1786.1
1786.6
1786.6
1787.28
1785.49
1786.21
1786.32
1785.89
1786.85
1786.66
1786.66
1787.24
1786.3
1786.8
1786.8
1786.45
1786.5
1786.5
1787.28
1785.9
1786.65
1786.4
1787.08
1785.74
1786.3
1786.5
1786.3
1787.35
1786.8
1786.8
1787.28
1785.95
1786.8
1786.8
1786.3
1787.49
1786.7
1785.85
1787.22
1785.58
1785.75
1785.75
1785.2
1786.65
1786.3
1786.3
1785.5
1786.4
1786.25
1786.0
1785.5
1786.4
1786.3
1786.3
1785.5
1787.1
1786.5
1786.5
1786.7
1785.45
1785.44
1785.42
1787.22
1786.7
1786.7
1786.15
1787.3
1786.89
1786.89
1787.65
1785.5
1785.51
1785.5
1787.49
1786.5
1786.5
1787.1
1785.9
1786.5
1786.5
1786.0
1786.7
1786.5
1786.5
1787.25
1785.05
1786.03
1786.03
1787.0
1786.2
1786.2
1785.77
1786.88
