20.5641
20.5569
20.5595
20.5601
20.559
20.565
20.5606
20.5606
20.5585
20.562
20.5604
20.5602
20.557
20.564
20.5624
20.5614
20.56
20.5647
20.5616
20.5616
20.5585
20.5651
20.5627
20.5625
20.569
20.5584
20.5613
20.5591
20.5675
20.5625
20.5625
20.5658
20.5609
20.563
20.5635
20.5685
20.5605
20.5628
20.5653
20.5586
20.5658
20.5645
20.5645
20.5668
20.5609
20.5625
20.5625
20.5642
20.5604
20.5635
20.5635
20.5638
20.561
20.561
20.5594
20.5631
20.5619
20.5619
20.5587
20.5627
20.5612
20.5612
20.5604
20.5645
20.5617
20.5618
20.5609
20.5663
20.5636
20.5633
20.5595
20.5721
20.5715
20.5715
20.5728
20.5642
20.5672
20.5672
20.561
20.5642
20.5642
20.5675
20.5619
20.566
20.566
20.5632
20.5704
20.5662
20.5662
20.5625
20.5703
20.5643
20.5643
20.5695
20.566
20.566
20.5755
20.5716
20.5716
20.5749
20.5686
20.5725
20.5725
20.57
20.5796
20.5766
20.5761
20.5784
20.5695
20.5744
20.5757
20.5715
20.5786
20.5772
20.5772
20.5816
20.5724
20.5726
20.5726
20.5798
20.5705
20.5735
20.5792
20.5798
20.568
20.573
20.5702
20.5785
20.5669
20.5732
20.5702
20.5784
20.5673
20.5691
20.5663
20.574
20.5653
20.5661
20.5661
20.5652
20.5763
20.5686
20.567
20.5738
20.5651
20.5666
20.5664
20.571
20.5632
20.5637
20.5638
20.57
20.5604
20.5635
20.562
20.5582
20.5645
20.562
20.562
20.5569
20.5652
20.5633
20.5633
20.5583
20.565
20.5616
20.5619
20.567
20.5597
20.5605
20.5623
20.5602
20.5655
20.5655
20.5655
20.5644
20.5689
20.5665
20.568
20.5708
20.5644
20.5671
20.567
20.5658
20.572
20.5697
20.5697
20.571
20.5667
20.5694
20.5697
20.5717
20.5617
20.5654
20.5658
20.5617
20.5675
20.5636
20.5636
20.567
20.5619
20.5636
20.5635
20.5585
20.5653
20.5631
20.5604
20.5641
20.5575
20.5607
20.5607
20.5629
20.5575
20.559
20.5618
20.5638
20.5577
20.5588
20.5583
20.5561
20.5652
20.5646
20.5646
20.564
20.5703
20.5675
20.5675
20.5704
20.5659
20.5674
20.5674
20.57
20.563
20.5651
20.5651
20.5681
20.5633
20.5659
20.5659
20.565
20.5712
20.5675
20.5675
20.5678
20.5588
20.564
20.564
20.5623
20.5688
20.5648
20.5646
20.566
20.5602
20.5603
20.5603
20.5611
20.5575
20.5602
20.5602
20.5574
20.5637
20.5591
20.5591
20.5572
20.5615
20.5615
20.5587
20.5655
20.5623
20.5622
20.5658
20.5607
20.5611
20.5611
20.5632
20.5597
20.5617
20.5615
20.5641
20.5578
20.5622
20.5609
20.5655
20.5586
20.5624
20.5624
20.5609
20.5649
20.562
20.5627
20.5618
20.5708
20.5702
20.5702
20.567
20.5704
20.5694
20.5699
20.5724
20.5646
20.566
20.5657
20.5679
20.5604
20.5609
20.5634
20.558
20.564
20.5622
20.5622
20.5656
20.5609
20.5643
20.5643
20.5603
20.5644
20.5614
20.5614
20.56
20.5649
20.5642
20.564
20.5675
20.5626
20.5644
20.5644
20.5624
20.5675
20.5651
20.5651
20.5667
20.5605
20.5628
20.5628
20.5651
20.5585
20.5605
20.5605
20.5584
20.5627
20.562
20.5609
20.5652
20.5592
20.5606
20.5606
20.5591
20.5621
20.5614
20.5614
20.5642
20.5585
20.5596
20.5596
20.5616
20.5575
20.5591
20.5591
20.5581
20.5642
20.561
20.561
20.5582
20.564
20.5595
20.5595
20.56
20.5543
20.5555
20.5555
20.556
20.5353
20.5396
20.5394
20.5385
20.5466
20.5426
20.5426
20.5407
20.553
20.5443
20.5443
20.5412
20.548
20.5462
20.5463
20.5424
20.5471
20.5466
20.5465
20.5459
20.5514
20.548
20.548
20.5425
20.5433
20.5433
20.5431
20.547
20.5457
20.5457
20.547
20.5398
20.5421
20.5421
20.5415
20.5453
20.545
20.5451
20.549
20.5432
20.5454
20.5454
20.5467
20.5432
20.5442
20.5442
20.547
20.5455
20.5455
20.547
20.5431
20.5452
20.5453
20.5477
20.5447
20.5459
20.5459
20.5457
20.551
20.5485
20.5485
20.5543
20.5476
20.5476
20.548
20.5431
20.5461
20.5461
20.5392
20.544
20.544
20.5442
20.5381
20.5381
20.5411
20.5344
20.5349
20.5348
20.5349
20.5279
20.5314
20.5316
20.5285
20.5338
20.5312
20.5317
20.5331
20.5213
20.5213
20.5213
20.5217
20.517
20.5195
20.5198
20.52
20.5149
20.5161
20.5162
20.5153
20.5207
20.5206
20.5206
20.524
20.5176
20.5217
20.5217
20.5188
20.5258
20.5205
20.5205
20.5199
20.5257
20.5203
20.5207
20.5202
20.5253
20.5253
20.5295
20.5252
20.5252
20.5291
20.5243
20.5247
20.5247
20.5257
20.5205
20.524
20.524
20.5248
20.5216
20.5236
20.5236
20.5234
20.5278
20.5277
20.5277
20.5294
20.5252
20.5274
20.5274
20.5285
20.5237
20.5245
20.5272
20.5174
20.5204
20.5213
20.5202
20.5264
20.5249
20.5249
20.525
20.5177
20.5203
20.5203
20.5144
20.5152
20.515
20.5134
20.5185
20.5179
20.5179
20.5202
20.5164
20.5165
20.5165
20.5194
20.5147
20.5171
20.5171
20.5153
20.5211
20.5209
20.5226
20.5167
20.519
20.5195
20.5205
20.517
20.5198
20.5198
20.5214
20.5169
20.5189
20.5191
20.5162
20.5235
20.5235
20.5242
20.5247
20.52
20.5225
20.5225
20.5231
20.5198
20.5211
20.5211
20.5209
20.5247
20.5237
20.5239
20.523
20.525
20.5245
20.5246
20.5244
20.5279
20.5279
20.5279
20.5244
20.5251
20.5251
20.525
20.5281
20.5273
20.5275
20.5287
20.5241
20.5284
20.528
20.5276
20.5305
20.5303
20.5306
20.5333
20.5263
20.5298
20.5296
20.5316
20.5277
20.5293
20.5293
20.5285
20.5343
20.5331
20.5333
20.5312
20.5357
20.5313
20.5309
20.5334
20.5279
20.5306
20.5311
20.5365
20.5252
20.5254
20.5255
20.5229
20.5276
20.526
20.526
20.532
20.5256
20.5268
20.5268
20.5284
20.5217
20.5236
20.5245
20.5249
20.5195
20.5207
20.5207
20.5229
20.5179
20.5206
20.5201
20.5177
20.5224
20.5223
20.5222
20.5201
20.5247
20.5249
20.5238
20.5287
20.5265
20.5274
20.5303
20.5233
20.5275
20.5275
20.5272
20.5323
20.5315
20.5315
20.5324
20.5241
20.5259
20.5256
20.5254
20.5337
20.5321
20.5319
20.5343
20.5286
20.5286
20.5286
20.5309
20.5261
20.5303
20.5303
20.5268
20.5322
20.5314
20.5314
20.5297
20.5338
20.5307
20.5311
20.5275
20.5333
20.5327
20.5321
20.532
20.5355
20.5341
20.5341
20.533
20.5373
20.5372
20.537
20.5349
20.5403
20.539
20.539
20.5378
20.5505
20.5505
20.5509
20.5418
20.5427
20.5427
20.5431
20.539
20.5408
20.5408
20.5479
20.536
20.5375
20.5373
20.5342
20.5485
20.5465
20.5463
20.5435
20.554
20.554
20.5471
20.5676
20.5601
20.5601
20.563
20.5475
20.56
20.56
20.561
20.5541
20.5541
20.5541
20.5527
20.5584
20.5582
20.5582
20.5567
20.5644
20.5608
20.5608
20.5616
20.5543
20.5566
20.5562
20.5563
20.5501
20.5546
20.5546
20.554
20.5613
20.5553
20.5552
20.5554
20.5495
20.5495
20.5495
20.554
20.544
20.5508
20.5508
20.5498
20.5561
20.5538
20.5538
20.555
20.5485
20.5521
20.5521
20.5478
20.5602
20.5598
20.5585
20.5844
20.5723
20.5723
20.572
20.58
20.5796
20.5796
20.5843
20.5739
20.5744
20.5745
20.5744
20.585
20.5804
20.5804
20.5878
20.578
20.583
20.583
20.585
20.5788
20.5803
20.5813
20.5725
20.5897
20.5849
20.5849
20.5968
20.5909
20.5909
20.5953
20.5786
20.5882
20.5882
20.5877
20.5931
20.5921
20.5921
20.5964
20.5853
20.5869
20.5867
20.5832
20.5956
20.5891
20.5894
20.5865
20.5927
20.5896
20.5896
20.5906
20.5805
20.5805
20.5833
20.573
20.5756
20.5756
20.5749
20.6005
20.5964
20.596
20.5889
20.5975
20.5976
20.5976
20.6077
20.601
20.6011
20.6005
20.6115
20.6099
20.6099
20.6073
20.6175
20.6162
20.6163
20.6101
20.6186
20.617
20.617
20.6136
20.6223
20.6225
20.6232
20.6164
20.621
20.621
20.6175
20.6391
20.6362
20.6362
20.6356
20.6518
20.6491
20.6488
20.6483
20.661
20.6558
20.6558
20.6559
20.639
20.6395
20.6395
20.6395
20.6554
20.6542
20.6542
20.6558
20.6355
20.6381
20.6381
20.6354
20.6482
20.6465
20.6465
20.648
20.6182
20.6272
20.6272
20.6263
20.6375
20.6373
20.6374
20.6299
20.6375
20.6345
20.6345
20.6384
20.6255
20.6329
20.6329
20.6315
20.64
20.6371
20.6371
20.6365
20.6618
20.6527
20.6527
20.6435
20.656
20.6516
20.6516
20.6627
20.662
20.662
20.6667
20.6558
20.6558
20.6595
20.6515
20.6538
20.6539
20.6554
20.6439
20.6475
20.6475
20.6463
20.6586
20.6566
20.6566
20.6545
20.6636
20.6581
20.6581
20.6598
20.6385
20.6411
20.6411
20.6414
20.633
20.6347
20.6347
20.6328
20.6455
20.6438
20.6438
20.6445
20.633
20.6372
20.6372
20.636
20.6438
20.6427
20.6427
20.643
20.627
20.6308
20.6308
20.631
20.6205
20.6208
20.6208
20.6271
20.6253
20.6253
20.6284
20.6246
20.6259
20.6259
20.6248
20.6285
20.626
20.626
20.6277
20.6229
20.6234
20.6234
20.6237
20.6156
20.6165
20.6168
20.62
20.6143
20.618
20.6178
20.6178
20.6074
20.611
20.611
20.6098
20.6187
20.6143
20.6143
20.6177
20.6079
20.6104
20.6103
20.6105
20.6027
20.6055
20.6055
20.6061
20.5983
20.5985
20.5985
20.6058
20.591
20.5915
20.5915
20.5707
20.5765
20.5765
20.5766
20.5474
20.557
20.557
20.5525
20.5592
20.5592
20.56
20.554
20.5583
20.5585
20.5555
20.5693
20.5681
20.5681
20.5685
20.5573
20.5665
20.5665
20.5566
20.5635
20.5635
20.5671
20.5602
20.5615
20.5615
20.563
20.5565
20.5588
20.559
20.5573
20.567
20.5668
20.567
20.5693
20.564
20.567
20.5671
20.5727
20.5652
20.5652
20.5646
20.5779
20.5761
20.5761
20.5746
20.586
20.5849
20.5849
20.5851
20.58
20.5827
20.5827
20.5871
20.5685
20.5689
20.5689
20.5681
20.5764
20.5761
20.5761
20.5775
20.5651
20.5689
20.569
20.568
20.5775
20.573
20.573
20.5726
20.5849
20.5849
20.5869
20.5774
20.5829
20.5839
20.5838
20.5871
20.5849
20.5849
20.5896
20.5847
20.5847
20.5847
20.5813
20.5878
20.586
20.586
20.5862
20.5756
20.5809
20.5809
20.5808
20.5884
20.5884
20.5868
20.594
20.5918
20.5918
20.5922
20.585
20.5868
20.5868
20.5848
20.5935
20.5907
20.5907
20.5924
20.5829
20.5897
20.5897
20.5882
20.5934
20.59
20.5902
20.5922
20.585
20.585
20.585
20.5936
20.5936
20.5944
20.5919
20.5919
20.585
20.5877
20.5876
20.5895
20.5833
20.5858
20.5858
20.5848
20.59
20.5893
20.5892
20.5946
20.5914
20.5919
20.5934
20.5793
20.5835
20.5835
20.5842
20.5742
20.5742
20.5735
20.5873
20.584
20.584
20.5888
20.5828
20.5867
20.5867
20.588
20.5817
20.5835
20.5835
20.5835
20.5709
20.5735
20.5735
20.574
20.5597
20.563
20.563
20.564
20.558
20.5624
20.5624
20.5625
20.5565
20.5591
20.5591
20.5356
20.5362
20.5363
20.539
20.519
20.524
20.524
20.5225
20.5344
20.525
20.525
20.5314
20.519
20.5247
20.5247
20.5304
20.5205
20.5274
20.5274
20.5232
20.5382
20.535
20.5347
20.5306
20.5365
20.5316
20.5316
20.5032
20.5039
20.5039
20.5028
20.5168
20.5164
20.5164
20.5179
20.4986
20.509
20.509
20.5093
20.4939
20.5017
20.5017
20.5
20.5218
20.5184
20.5184
20.5155
20.5376
20.5327
20.5327
20.5304
20.5476
20.5452
20.5452
20.5447
20.5537
20.5501
20.5502
20.5512
20.5411
20.5435
20.543
20.5435
20.5326
20.5402
20.5402
20.54
20.5912
20.5893
20.5893
20.6021
20.5881
20.5893
20.5893
20.5796
20.595
20.5919
20.5921
20.589
20.605
20.5947
20.5947
20.5995
20.5814
20.5818
20.5818
20.583
20.5698
20.5715
20.5716
20.5799
20.5669
20.5698
20.5697
20.5733
20.55
20.5536
20.5538
20.5565
20.5342
20.5345
20.5343
20.5318
20.5467
20.5435
20.5435
20.5457
20.5397
20.5422
20.5426
20.5411
20.5617
20.5615
20.5619
20.5606
20.5772
20.5755
20.5755
20.5775
20.5682
20.5687
20.5686
20.5722
20.5637
20.5668
20.5668
20.5684
20.5488
20.5501
20.5502
20.5746
20.5724
20.5724
20.5653
20.5764
20.5745
20.5745
20.584
20.569
20.5699
20.5699
20.5781
20.5661
20.5661
20.5522
20.5586
20.5586
20.5596
20.5446
20.5462
20.5462
20.5455
20.5558
20.5549
20.5551
20.55
20.5555
20.5549
20.5549
20.5485
20.5534
20.5534
20.5665
20.5435
20.5492
20.5492
20.5504
20.5403
20.545
20.545
20.5437
20.5566
20.548
20.548
20.5443
20.558
20.558
20.5594
20.5498
20.552
20.552
20.54
20.557
20.5529
20.5529
20.5525
20.5791
20.573
20.573
20.5718
20.588
20.5855
20.5855
20.585
20.611
20.5998
20.5998
20.5907
20.5961
20.5965
20.6065
20.5895
20.5903
20.5903
20.5915
20.5644
20.5669
20.5672
20.5545
20.5709
20.5706
20.5706
20.5712
20.5601
20.5656
20.5656
20.5717
20.5527
20.5526
20.5561
20.5278
20.5385
20.5385
20.536
20.553
20.548
20.548
20.5459
20.5537
20.5531
20.5533
20.542
20.5508
20.5508
20.5497
20.5661
20.5635
20.5638
20.563
20.5717
20.5714
20.5714
20.5732
20.568
20.5691
20.5695
20.5762
20.5685
20.5709
20.5713
20.575
20.5635
20.5638
20.5638
20.573
20.5624
20.5629
20.5629
20.5628
20.573
20.5676
20.5676
20.5677
20.5532
20.5543
20.5545
20.5541
20.5648
20.5647
20.5647
20.5613
20.5685
20.5672
20.5672
20.5639
20.5746
20.5728
20.5728
20.5744
20.5692
20.5734
20.5738
20.5765
20.57
20.572
20.5721
20.5693
20.5745
20.574
20.574
20.5765
20.5695
20.5701
20.5701
20.5696
20.5786
20.5775
20.5775
20.5876
20.5864
20.5864
20.5879
20.5831
20.5839
20.5852
20.5865
20.5762
20.5798
20.5795
20.5826
20.5786
20.5789
20.5789
20.58
20.5737
20.5794
20.5796
20.5783
20.5862
20.5809
20.5808
20.5799
20.5883
20.5866
20.5866
20.5885
20.582
20.5829
20.5827
20.583
20.5781
20.5793
20.5797
20.5785
20.5821
20.581
20.581
20.578
20.5835
20.5839
20.5834
20.5876
20.5858
20.5856
20.5875
20.5825
20.583
20.5835
20.5853
20.581
20.5828
20.5832
20.5787
20.5806
20.5806
20.5803
20.5871
20.5859
20.5859
20.5756
20.5759
20.5762
20.5734
20.5781
20.5776
20.5776
20.5701
20.5733
20.5733
20.569
20.5737
20.573
20.573
20.5734
20.564
20.5641
20.5643
20.5638
20.5719
20.5689
20.5689
20.5684
20.573
20.5723
20.5728
20.5753
20.5707
20.5725
20.573
20.5743
20.5686
20.5695
20.5695
20.572
20.5669
20.569
20.5693
20.5723
20.5684
20.5702
20.5699
20.5757
20.5755
20.5738
20.5742
20.5724
20.5735
20.5737
20.5739
20.5725
20.5729
20.5732
20.5724
20.5744
20.5728
20.5729
20.5742
20.5705
20.5731
20.5731
20.5735
20.5719
20.5718
20.5713
20.5749
20.5748
20.5752
20.5725
20.5812
20.5802
20.5802
20.5771
20.582
20.5807
20.5807
20.5776
20.5845
20.584
20.5853
20.585
20.5908
20.5895
20.5885
20.5858
20.6003
20.5985
20.5985
20.6
20.5886
20.5915
20.5915
20.595
20.59
20.5905
20.591
20.5896
20.5994
20.5962
20.5964
20.5935
20.5998
20.596
20.596
20.592
20.5937
20.5939
20.5944
20.58
20.5825
20.5825
20.5837
20.5803
20.5818
20.5818
20.5817
20.5836
20.5835
20.5819
20.5845
20.5829
20.5828
20.5831
20.577
20.577
20.5769
20.5796
20.5787
20.5788
20.5789
20.5751
20.5758
20.576
20.5747
20.5772
20.577
20.577
20.5759
20.5781
20.5772
20.5772
20.5709
20.5719
20.5719
20.5717
20.5743
20.5748
20.58
20.575
20.575
20.5777
20.5706
20.5733
20.5735
20.5728
20.5765
20.5748
20.5748
20.5768
20.5747
20.5766
20.5767
20.577
20.5749
20.5767
20.5769
20.5791
20.574
20.5745
20.5747
20.575
20.5722
20.5722
20.5699
20.575
20.5744
20.5745
20.5751
20.5712
20.5728
20.5728
20.5729
20.5688
20.5701
20.5702
20.5715
20.5659
20.5663
20.5663
20.568
20.5615
20.566
20.566
20.5607
20.5644
20.5643
20.564
20.5698
20.5644
20.5644
20.5672
20.5611
20.5665
20.567
20.5627
20.57
20.5644
20.5652
20.5651
20.5689
20.5676
20.5676
20.5664
20.5726
20.5704
20.5704
20.5712
20.5664
20.5685
20.5685
20.5683
20.5753
20.5756
20.5735
20.5818
20.5782
20.5786
20.5779
20.5858
20.5816
20.5816
20.5819
20.5765
20.5774
20.5778
20.5787
20.5715
20.5757
20.5758
20.5758
20.5799
20.5785
20.5785
20.5776
20.5835
20.5809
20.5812
20.5813
20.5759
20.5785
20.5785
20.579
20.5695
20.5732
20.5732
20.5702
20.5743
20.571
20.5724
20.5697
20.5763
20.5725
20.5725
20.577
20.5765
20.5765
20.5848
20.5733
20.5772
20.5772
20.5755
20.581
20.58
20.58
20.5774
20.5848
20.5845
20.5845
20.5848
20.5742
20.584
20.584
20.5857
20.5783
20.5813
20.5807
20.578
20.5835
20.5813
20.5813
20.5835
20.5798
20.582
