6.0665
6.0665
6.0651
6.0654
6.0654
6.0654
6.067
6.0659
6.0659
6.0654
6.0661
6.0656
6.0656
6.0654
6.0663
6.0659
6.0659
6.0661
6.0658
6.0659
6.0659
6.0658
6.0662
6.0662
6.0662
6.0659
6.0665
6.066
6.066
6.066
6.067
6.0663
6.0663
6.0661
6.0667
6.0664
6.0664
6.0666
6.0661
6.0661
6.0662
6.066
6.0668
6.0667
6.0667
6.067
6.0662
6.0662
6.0662
6.0665
6.066
6.0663
6.0663
6.0662
6.0664
6.0663
6.0663
6.0662
6.0668
6.0665
6.0665
6.0665
6.0669
6.0668
6.0668
6.0668
6.0674
6.067
6.067
6.0669
6.0676
6.0675
6.0675
6.0675
6.0703
6.0701
6.0702
6.0704
6.0676
6.0689
6.0688
6.0689
6.0665
6.0676
6.0676
6.0678
6.0673
6.0674
6.0668
6.0678
6.0673
6.0673
6.0673
6.0679
6.0675
6.0675
6.0673
6.0684
6.068
6.068
6.0677
6.0689
6.0689
6.0689
6.0685
6.0697
6.069
6.069
6.0689
6.07
6.0698
6.0698
6.0696
6.0706
6.0703
6.0703
6.07
6.0707
6.0706
6.0706
6.0705
6.0715
6.0707
6.0707
6.0713
6.0696
6.0698
6.0698
6.0698
6.0693
6.0693
6.0693
6.0693
6.0694
6.0693
6.0693
6.0693
6.0687
6.0688
6.0688
6.0688
6.0686
6.0686
6.0686
6.0687
6.0683
6.0686
6.0686
6.0686
6.0683
6.0683
6.0683
6.0678
6.0678
6.0678
6.0679
6.0668
6.0669
6.0669
6.0669
6.0659
6.066
6.066
6.0658
6.0667
6.0664
6.0664
6.0662
6.0666
6.0664
6.0664
6.0665
6.0664
6.0664
6.0664
6.0662
6.0674
6.0673
6.0673
6.0673
6.068
6.0678
6.0678
6.0679
6.0677
6.0679
6.0679
6.0679
6.0678
6.0678
6.0678
6.068
6.0677
6.0678
6.0678
6.0678
6.0663
6.0666
6.0666
6.0666
6.067
6.0668
6.0668
6.0668
6.0662
6.0663
6.0663
6.0656
6.0657
6.0657
6.0657
6.0651
6.0652
6.0652
6.0652
6.0655
6.0654
6.0654
6.0655
6.0653
6.0653
6.0653
6.0651
6.0672
6.0671
6.0671
6.067
6.0679
6.0677
6.0677
6.0673
6.0678
6.0678
6.0678
6.068
6.0667
6.0669
6.0669
6.0666
6.067
6.0669
6.0669
6.0673
6.0667
6.0668
6.0668
6.0656
6.067
6.0669
6.0669
6.0664
6.0671
6.0671
6.0671
6.0657
6.0657
6.0657
6.0658
6.0646
6.0649
6.0649
6.0657
6.0648
6.0649
6.0649
6.0648
6.0656
6.0656
6.0656
6.0653
6.0663
6.0661
6.0661
6.0661
6.0658
6.0659
6.0659
6.0656
6.066
6.066
6.066
6.0654
6.0661
6.066
6.066
6.066
6.0654
6.0659
6.0659
6.0658
6.0669
6.0664
6.0664
6.0664
6.0686
6.068
6.068
6.0678
6.0688
6.0683
6.0683
6.0685
6.0673
6.0673
6.0673
6.0674
6.0659
6.066
6.0659
6.0649
6.0669
6.0664
6.0664
6.0672
6.0659
6.0663
6.0663
6.0664
6.0656
6.0657
6.0657
6.0656
6.0666
6.0666
6.0666
6.0663
6.0679
6.0668
6.0668
6.0662
6.0677
6.0669
6.0669
6.067
6.0658
6.0665
6.0665
6.0668
6.0653
6.0658
6.0658
6.065
6.0662
6.0658
6.0658
6.0661
6.0654
6.0656
6.0656
6.0657
6.0653
6.0654
6.0654
6.0658
6.0652
6.0653
6.0653
6.0659
6.065
6.0654
6.0654
6.0654
6.0661
6.0655
6.0655
6.0652
6.0658
6.0653
6.0653
6.0654
6.0642
6.0645
6.0645
6.0646
6.0585
6.0598
6.0598
6.0596
6.0613
6.0607
6.0607
6.0612
6.0594
6.0597
6.0597
6.0592
6.0614
6.0602
6.0601
6.059
6.061
6.0606
6.0606
6.0619
6.0603
6.0607
6.0607
6.0607
6.0591
6.0595
6.0595
6.0594
6.0605
6.0599
6.0599
6.0604
6.0588
6.0592
6.0592
6.0592
6.0601
6.06
6.06
6.0608
6.0597
6.06
6.06
6.0598
6.0604
6.0602
6.0602
6.0598
6.0603
6.0602
6.0602
6.0599
6.0599
6.0599
6.0599
6.0604
6.0603
6.0603
6.0603
6.0614
6.0612
6.0612
6.0624
6.0609
6.0609
6.0612
6.0599
6.0601
6.0601
6.0584
6.0601
6.0594
6.0594
6.0595
6.0584
6.0585
6.0585
6.0585
6.0579
6.0583
6.0583
6.0584
6.0569
6.0572
6.0572
6.058
6.0569
6.0572
6.0572
6.0577
6.0545
6.0546
6.0546
6.0547
6.0528
6.0539
6.0539
6.054
6.0524
6.0527
6.0527
6.0526
6.0543
6.0542
6.0542
6.0552
6.0533
6.0549
6.0549
6.0538
6.0552
6.0545
6.0545
6.0554
6.0542
6.0544
6.0544
6.0542
6.0557
6.0557
6.0556
6.0567
6.056
6.056
6.0562
6.0556
6.0557
6.0557
6.0559
6.0544
6.0551
6.0551
6.0548
6.0553
6.0552
6.0552
6.0551
6.0562
6.0561
6.0561
6.0565
6.0557
6.0562
6.0562
6.0564
6.0554
6.0554
6.0554
6.0554
6.0533
6.0543
6.0543
6.0542
6.0552
6.0552
6.0552
6.0552
6.0533
6.0542
6.0542
6.0542
6.0525
6.0527
6.0527
6.0524
6.0535
6.0532
6.0532
6.0531
6.054
6.0532
6.0532
6.0537
6.053
6.0533
6.0533
6.0531
6.0543
6.0542
6.0542
6.0546
6.0536
6.0538
6.0538
6.0535
6.0542
6.0542
6.0542
6.0543
6.0536
6.0537
6.0537
6.0535
6.0545
6.0545
6.0545
6.0551
6.0538
6.0541
6.0541
6.0537
6.0545
6.0541
6.0541
6.0551
6.0548
6.0548
6.0544
6.0551
6.0549
6.0549
6.0548
6.0559
6.0559
6.0559
6.0549
6.055
6.055
6.056
6.0557
6.0558
6.056
6.0555
6.056
6.056
6.0559
6.057
6.0569
6.0569
6.058
6.056
6.0566
6.0566
6.056
6.0573
6.0563
6.0563
6.0562
6.0586
6.0583
6.0583
6.0587
6.0581
6.0582
6.0582
6.0586
6.057
6.0578
6.0578
6.0582
6.0555
6.0556
6.0556
6.0552
6.0558
6.0558
6.0558
6.0557
6.0576
6.056
6.056
6.0562
6.0546
6.0551
6.0551
6.0553
6.054
6.0545
6.0545
6.0549
6.0537
6.0541
6.0541
6.0539
6.0546
6.0545
6.0545
6.0545
6.0557
6.0557
6.0608
6.0554
6.0567
6.0567
6.0557
6.0568
6.0564
6.0564
6.0564
6.0585
6.0584
6.0585
6.0586
6.0564
6.057
6.057
6.0568
6.0588
6.0586
6.0586
6.0594
6.0578
6.0579
6.0579
6.0584
6.0572
6.0575
6.0575
6.0563
6.0584
6.0584
6.0584
6.0582
6.0591
6.0582
6.0582
6.0584
6.0574
6.0583
6.0583
6.0582
6.0593
6.0593
6.059
6.0604
6.0601
6.0601
6.0601
6.0618
6.0614
6.0614
6.0624
6.0609
6.0621
6.0621
6.0622
6.0596
6.0599
6.0599
6.0589
6.0601
6.0598
6.0598
6.0598
6.0609
6.0603
6.0603
6.0602
6.0637
6.0637
6.0637
6.0636
6.0678
6.0677
6.0677
6.0652
6.0653
6.0654
6.0659
6.0649
6.0656
6.0656
6.0657
6.0641
6.0641
6.0638
6.0654
6.0652
6.0652
6.0647
6.0671
6.0662
6.0663
6.0642
6.065
6.065
6.0651
6.0625
6.0637
6.0637
6.0634
6.0651
6.0643
6.0643
6.0643
6.0635
6.0638
6.0637
6.064
6.0616
6.063
6.063
6.0627
6.0645
6.0636
6.0636
6.0638
6.0623
6.0628
6.0628
6.0622
6.0634
6.063
6.063
6.0635
6.0625
6.0625
6.0625
6.0631
6.0609
6.0617
6.0617
6.0608
6.0636
6.0615
6.0616
6.0628
6.0599
6.0612
6.0612
6.0636
6.0604
6.0617
6.0617
6.0619
6.0604
6.0618
6.0618
6.0617
6.0659
6.0644
6.0644
6.0644
6.0671
6.0653
6.0653
6.0662
6.0627
6.0641
6.0641
6.0637
6.0655
6.0645
6.0645
6.0651
6.0629
6.0632
6.0632
6.0624
6.0651
6.0632
6.0632
6.0623
6.0638
6.0629
6.0629
6.0633
6.0603
6.0603
6.0603
6.0606
6.0578
6.0578
6.0578
6.0578
6.0601
6.0584
6.0584
6.0566
6.059
6.059
6.059
6.061
6.0599
6.0599
6.0598
6.0628
6.062
6.062
6.0615
6.0634
6.063
6.063
6.0613
6.0641
6.0636
6.0636
6.0632
6.0662
6.066
6.066
6.0667
6.0646
6.0664
6.0664
6.0652
6.0712
6.0701
6.0701
6.0701
6.0728
6.0717
6.0717
6.0728
6.0694
6.0706
6.0706
6.0713
6.0683
6.0683
6.0683
6.0678
6.0708
6.0701
6.0701
6.0702
6.0663
6.0666
6.0666
6.0658
6.0678
6.0675
6.0675
6.068
6.0594
6.062
6.0619
6.0616
6.0645
6.0644
6.0644
6.0629
6.065
6.0641
6.0641
6.0653
6.0616
6.064
6.064
6.0631
6.065
6.0642
6.0642
6.0642
6.0669
6.0652
6.0652
6.0657
6.0639
6.0645
6.0645
6.0644
6.0691
6.0689
6.0689
6.0699
6.0674
6.0675
6.0675
6.0683
6.0666
6.0674
6.0674
6.0675
6.0654
6.0654
6.0654
6.0654
6.0695
6.0684
6.0684
6.0697
6.0666
6.067
6.067
6.0675
6.0658
6.0661
6.0661
6.0643
6.0652
6.0652
6.0647
6.0684
6.0679
6.0679
6.0692
6.0673
6.0685
6.0685
6.0685
6.0704
6.0693
6.0693
6.0694
6.0676
6.0682
6.0682
6.0661
6.0662
6.0662
6.0661
6.0676
6.0668
6.0668
6.0675
6.0667
6.0671
6.0671
6.0667
6.0676
6.067
6.067
6.0676
6.0662
6.0663
6.0663
6.0676
6.066
6.0662
6.0662
6.066
6.0672
6.0665
6.0665
6.0666
6.0635
6.0636
6.0636
6.0631
6.0657
6.0645
6.0645
6.0655
6.0626
6.0631
6.0631
6.0632
6.0607
6.0617
6.0617
6.062
6.0591
6.0594
6.0594
6.06
6.0562
6.0564
6.0564
6.0566
6.0526
6.0547
6.0547
6.0548
6.047
6.0498
6.0498
6.0488
6.0514
6.0514
6.0514
6.0504
6.0521
6.052
6.052
6.0511
6.0544
6.0537
6.0537
6.054
6.0512
6.0539
6.0539
6.0522
6.0549
6.0545
6.0545
6.0555
6.0534
6.0538
6.0538
6.054
6.0523
6.053
6.053
6.053
6.0555
6.0555
6.0557
6.0546
6.0553
6.0553
6.0553
6.0538
6.0539
6.0539
6.0535
6.0576
6.057
6.057
6.0566
6.0595
6.059
6.059
6.0592
6.0581
6.059
6.059
6.0602
6.055
6.0551
6.0551
6.055
6.058
6.0578
6.0578
6.0583
6.0547
6.0559
6.0559
6.0565
6.0556
6.0557
6.0556
6.0556
6.0586
6.0586
6.0586
6.0596
6.0584
6.0586
6.0586
6.0597
6.0589
6.0589
6.0599
6.0585
6.0585
6.0585
6.0577
6.0595
6.0591
6.0591
6.0591
6.0578
6.0579
6.0579
6.0579
6.06
6.0599
6.0599
6.0597
6.062
6.0612
6.0612
6.0613
6.0602
6.0609
6.0609
6.0602
6.0629
6.062
6.062
6.0624
6.0599
6.0602
6.0602
6.0599
6.0616
6.0605
6.0605
6.0609
6.0592
6.0592
6.0589
6.0614
6.0614
6.0614
6.0617
6.0609
6.0609
6.0609
6.0595
6.0605
6.0605
6.0609
6.0591
6.0598
6.0598
6.0593
6.0609
6.0609
6.0609
6.0621
6.0614
6.0614
6.0618
6.0595
6.0607
6.0607
6.061
6.0584
6.0593
6.0593
6.0588
6.0616
6.0604
6.0604
6.0613
6.0594
6.0608
6.0608
6.0614
6.0599
6.0605
6.0605
6.0574
6.0575
6.0575
6.0589
6.0572
6.0572
6.0565
6.0578
6.0576
6.0576
6.0576
6.0561
6.0566
6.0566
6.0566
6.0556
6.0556
6.0556
6.052
6.0529
6.0529
6.0525
6.0555
6.054
6.054
6.0544
6.0505
6.0516
6.0516
6.0535
6.0508
6.0515
6.0514
6.051
6.0525
6.0518
6.0517
6.052
6.0504
6.0507
6.0507
6.0421
6.0425
6.0425
6.0423
6.0457
6.0457
6.0457
6.0457
6.0423
6.0438
6.0438
6.0439
6.0398
6.0419
6.0419
6.0415
6.0484
6.0471
6.0471
6.0465
6.0522
6.0511
6.0511
6.0503
6.0529
6.0512
6.0511
6.0526
6.0496
6.0498
6.0498
6.0517
6.0487
6.0495
6.0495
6.0499
6.0472
6.0494
6.0494
6.0492
6.0608
6.0598
6.0598
6.0637
6.0603
6.0603
6.058
6.0606
6.0597
6.0597
6.0628
6.0583
6.0584
6.0584
6.06
6.0571
6.0573
6.0573
6.0578
6.055
6.0553
6.0554
6.0575
6.0543
6.0544
6.0544
6.0558
6.0537
6.0552
6.0552
6.0553
6.0489
6.049
6.049
6.0483
6.0517
6.0507
6.0506
6.0503
6.0518
6.0512
6.0512
6.0511
6.0564
6.0564
6.056
6.0602
6.0602
6.0602
6.0603
6.0569
6.0572
6.0572
6.0587
6.0558
6.0568
6.0568
6.0574
6.0523
6.0525
6.0526
6.0598
6.0591
6.0591
6.0603
6.0567
6.059
6.059
6.0622
6.0574
6.0578
6.0578
6.06
6.0568
6.0568
6.0568
6.0525
6.0543
6.0543
6.0547
6.0503
6.0509
6.0509
6.0508
6.0539
6.0534
6.0534
6.0535
6.0518
6.0529
6.0529
6.0509
6.052
6.052
6.0529
6.0491
6.0503
6.0503
6.0492
6.051
6.0506
6.0506
6.0528
6.0495
6.05
6.05
6.049
6.0516
6.0516
6.0516
6.048
6.0486
6.0486
6.0493
6.0452
6.0456
6.0455
6.0448
6.0477
6.0466
6.0466
6.0452
6.0473
6.0469
6.0469
6.0486
6.0458
6.0478
6.0478
6.0478
6.0455
6.0461
6.0461
6.0415
6.0414
6.0445
6.0392
6.0402
6.0402
6.0401
6.0446
6.0444
6.0444
6.0445
6.0423
6.0431
6.0431
6.0451
6.0412
6.0412
6.0414
6.0352
6.0366
6.0366
6.0365
6.0413
6.04
6.04
6.0417
6.0394
6.0399
6.0399
6.0371
6.04
6.0399
6.0399
6.0397
6.0426
6.042
6.042
6.042
6.0445
6.0444
6.0444
6.0449
6.0428
6.0434
6.0434
6.0456
6.044
6.044
6.0456
6.0429
6.0434
6.0434
6.0448
6.0434
6.0434
6.0439
6.0429
6.0432
6.0432
6.0432
6.0409
6.0413
6.0413
6.0413
6.0424
6.0424
6.0424
6.0424
6.0415
6.0419
6.0419
6.0411
6.0439
6.0435
6.0435
6.0436
6.0426
6.0435
6.0435
6.0431
6.0454
6.0449
6.0449
6.0441
6.0455
6.0455
6.0455
6.0458
6.0446
6.0446
6.0446
6.0477
6.0472
6.0472
6.047
6.0479
6.0472
6.0471
6.0478
6.0465
6.0465
6.0462
6.0469
6.0469
6.0472
6.0464
6.0465
6.0465
6.0469
6.0449
6.0453
6.0453
6.045
6.0473
6.0458
6.0458
6.0458
6.0482
6.0473
6.0473
6.0477
6.0465
6.0466
6.0466
6.0454
6.0459
6.0459
6.0454
6.0462
6.046
6.046
6.0453
6.0466
6.0461
6.046
6.046
6.0468
6.0464
6.0464
6.0464
6.0469
6.0468
6.0467
6.0472
6.046
6.0465
6.0465
6.0465
6.0454
6.0458
6.0458
6.0458
6.0475
6.0469
6.0468
6.0469
6.0449
6.045
6.045
6.0452
6.0441
6.0449
6.0449
6.045
6.0435
6.0438
6.0438
6.0433
6.0445
6.0443
6.0443
6.0444
6.0434
6.0435
6.0435
6.0434
6.0444
6.0439
6.0439
6.0439
6.045
6.045
6.045
6.0459
6.0446
6.0451
6.0451
6.0454
6.044
6.044
6.0444
6.0435
6.0439
6.0439
6.0445
6.0445
6.0445
6.0444
6.0455
6.0454
6.0454
6.0456
6.0451
6.0454
6.0454
6.0456
6.0452
6.0452
6.0456
6.0451
6.0453
6.0453
6.0456
6.0445
6.0454
6.0454
6.0447
6.0447
6.0447
6.0447
6.0453
6.0453
6.0453
6.0451
6.0472
6.0471
6.0471
6.0471
6.0479
6.0476
6.0476
6.0469
6.0487
6.0486
6.0486
6.0485
6.0502
6.0495
6.0495
6.0491
6.0538
6.0529
6.0529
6.0531
6.0513
6.052
6.052
6.0528
6.052
6.052
6.052
6.0517
6.0546
6.0531
6.0531
6.0531
6.0546
6.0534
6.0534
6.0537
6.0524
6.0532
6.0532
6.0489
6.0495
6.0495
6.0495
6.0486
6.0489
6.0489
6.0487
6.0493
6.0493
6.0493
6.0491
6.0498
6.0494
6.0494
6.0495
6.0472
6.0472
6.0483
6.0477
6.0477
6.0478
6.0467
6.0472
6.0472
6.0465
6.0473
6.0472
6.0472
6.0475
6.0471
6.0473
6.0473
6.0456
6.0458
6.0457
6.0457
6.0467
6.0466
6.0466
6.0478
6.0462
6.0462
6.0462
6.0471
6.0455
6.0462
6.0462
6.0461
6.0472
6.0469
6.0469
6.0467
6.0473
6.0472
6.0472
6.0473
6.0467
6.0472
6.0472
6.0475
6.0464
6.0465
6.0465
6.0467
6.0454
6.0454
6.0454
6.0452
6.0468
6.0465
6.0465
6.0467
6.0459
6.0462
6.0462
6.0462
6.0448
6.0453
6.0453
6.0455
6.0437
6.0437
6.0437
6.0437
6.0446
6.0445
6.0445
6.0444
6.0451
6.045
6.045
6.0461
6.045
6.0451
6.0451
6.0447
6.0452
6.045
6.045
6.0464
6.044
6.044
6.044
6.044
6.0451
6.0447
6.0447
6.0445
6.0462
6.0457
6.0457
6.046
6.0447
6.0452
6.0452
6.045
6.0473
6.0471
6.0471
6.0469
6.0489
6.0483
6.0483
6.0479
6.0502
6.0485
6.0485
6.0487
6.0478
6.048
6.048
6.0481
6.047
6.0477
6.0477
6.0487
6.0486
6.0486
6.0486
6.0498
6.0494
6.0494
6.0501
6.0484
6.0489
6.0489
6.049
6.048
6.048
6.0481
6.0477
6.0479
6.0479
6.0477
6.0484
6.0483
6.0483
6.0482
6.0491
6.0489
6.0489
6.0489
6.0478
6.0479
6.0479
6.0479
6.0488
6.0483
6.0483
6.0489
6.048
6.0481
6.0481
6.048
6.049
6.049
6.049
6.049
6.0495
6.0494
6.0494
6.0486
6.0498
6.0494
6.0494
6.0489
6.0498
6.0498
6.0498
6.0495
