6.071
6.0705
6.0715
6.0715
6.0715
6.0715
6.0715
6.0715
6.0717
6.0718
6.0717
6.0718
6.0708
6.0705
6.071
6.0705
6.071
6.0685
6.0677
6.0714
6.0723
6.0725
6.0725
6.0711
6.071
6.0728
6.073
6.0738
6.073
6.0738
6.0738
6.0732
6.0729
6.0719
6.072
6.0721
6.072
6.0721
6.0722
6.0722
6.0722
6.0722
6.0723
6.0723
6.0723
6.0723
6.0748
6.0772
6.0733
6.0731
6.0728
6.0748
6.0742
6.0772
6.0735
6.0733
6.0686
6.0686
6.0688
6.0684
6.0692
6.069
6.0715
6.0711
6.0707
6.0705
6.0703
6.0679
6.0627
6.0635
6.0641
6.0647
6.0634
6.0652
6.0674
6.068
6.0738
6.0738
6.07
6.0705
6.0705
6.0725
6.0725
6.0725
6.0717
6.0717
6.0717
6.0717
6.071
6.0727
6.0725
6.0717
6.0717
6.0717
6.0714
6.0717
6.0714
6.0717
6.0713
6.0715
6.0696
6.0701
6.0711
6.0717
6.0717
6.0694
6.0699
6.0698
6.0706
6.0709
6.0707
6.0713
6.0712
6.0707
6.0706
6.0705
6.0705
6.0702
6.0705
6.0705
6.0706
6.0705
6.0706
6.0711
6.0713
6.0709
6.0711
6.0712
6.0711
6.0712
6.0704
6.0702
6.0711
6.0704
6.0704
6.071
6.0704
6.0708
6.0713
6.0718
6.0701
6.0701
6.0695
6.0695
6.0696
6.0699
6.0692
6.0689
6.071
6.0706
6.0707
6.0704
6.0705
6.071
6.0713
6.0709
6.0709
6.0708
6.0708
6.0708
6.0712
6.0709
6.0719
6.0715
6.0715
6.0713
6.0719
6.0719
6.0719
6.0726
6.0726
6.0724
6.0741
6.0733
6.0704
6.0704
6.0738
6.0738
6.0714
6.0713
6.0702
6.0706
6.0708
6.0704
6.0747
6.0725
6.0725
6.0726
6.0718
6.0725
6.0721
6.073
6.0727
6.072
6.0717
6.073
6.073
6.073
6.072
6.072
6.072
6.072
6.072
6.0715
6.0712
6.0713
6.0708
6.071
6.0714
6.0717
6.0709
6.0709
6.0708
6.0709
6.071
6.0709
6.0709
6.0708
6.0707
6.0714
6.0717
6.071
6.0716
6.0747
6.0747
6.0742
6.0716
6.0725
6.0744
6.0744
6.0743
6.0753
6.0758
6.0763
6.0758
6.0763
6.0768
6.0773
6.0768
6.0773
6.0774
6.0785
6.079
6.0795
6.079
6.0795
6.078
6.0765
6.0775
6.078
6.0785
6.078
6.0785
6.079
6.0795
6.079
6.0795
6.0785
6.0775
6.0785
6.079
6.0795
6.079
6.0795
6.0774
6.0754
6.0764
6.074
6.0715
6.0776
6.0725
6.0725
6.0747
6.0749
6.0754
6.0754
6.0756
6.0755
6.0753
6.0755
6.0748
6.0735
6.0772
6.0745
6.075
6.0755
6.075
6.0755
6.0745
6.0734
6.0744
6.074
6.0745
6.073
6.0727
6.0724
6.0725
6.0736
6.0772
