0.8156
0.8156
0.8154
0.8155
0.8155
0.8156
0.8155
0.8155
0.8156
0.8155
0.8155
0.8155
0.8155
0.8156
0.8155
0.8155
0.8156
0.8155
0.8155
0.8155
0.8155
0.8156
0.8156
0.8156
0.8157
0.8155
0.8157
0.8156
0.8156
0.8156
0.8156
0.8156
0.8156
0.8157
0.8156
0.8155
0.8155
0.8156
0.8156
0.8156
0.8155
0.8157
0.8157
0.8157
0.8156
0.8156
0.8157
0.8156
0.8156
0.8156
0.8157
0.8155
0.8155
0.8155
0.8155
0.8157
0.8156
0.8156
0.8157
0.8155
0.8157
0.8156
0.8158
0.8157
0.8157
0.8158
0.8156
0.8157
0.8157
0.8157
0.8161
0.816
0.8157
0.816
0.816
0.8157
0.8158
0.8157
0.8158
0.8157
0.8158
0.8157
0.8158
0.8157
0.8157
0.8157
0.8159
0.8157
0.8157
0.8157
0.8158
0.8158
0.8158
0.816
0.8159
0.816
0.8159
0.8159
0.8161
0.816
0.8159
0.8162
0.8161
0.8161
0.8162
0.8161
0.8162
0.8162
0.8161
0.816
0.8163
0.816
0.8161
0.8161
0.8159
0.8159
0.8159
0.8158
0.816
0.816
0.816
0.816
0.8159
0.8159
0.816
0.816
0.8158
0.8158
0.816
0.8158
0.8159
0.8159
0.8159
0.8159
0.8159
0.8158
0.8158
0.8159
0.8156
0.8156
0.8157
0.8155
0.8156
0.8156
0.8155
0.8157
0.8156
0.8156
0.8156
0.8157
0.8156
0.8156
0.8156
0.8157
0.8157
0.8155
0.8157
0.8158
0.8159
0.8158
0.8158
0.8159
0.8158
0.8158
0.8158
0.8157
0.8159
0.8158
0.8158
0.8159
0.8157
0.8158
0.8158
0.8158
0.8156
0.8156
0.8157
0.8156
0.8157
0.8157
0.8157
0.8156
0.8156
0.8156
0.8155
0.8155
0.8155
0.8156
0.8154
0.8154
0.8154
0.8155
0.8155
0.8154
0.8155
0.8154
0.8155
0.8154
0.8154
0.8156
0.8157
0.8157
0.8158
0.8157
0.8157
0.8159
0.8157
0.8158
0.8158
0.8159
0.8157
0.8157
0.8157
0.8156
0.8157
0.8157
0.8156
0.8157
0.8157
0.8157
0.8157
0.8155
0.8157
0.8156
0.8155
0.8157
0.8156
0.8155
0.8155
0.8154
0.8154
0.8154
0.8155
0.8153
0.8154
0.8154
0.8153
0.8154
0.8154
0.8154
0.8156
0.8155
0.8156
0.8155
0.8155
0.8155
0.8155
0.8155
0.8155
0.8155
0.8156
0.8156
0.8156
0.8155
0.8155
0.8155
0.8155
0.8156
0.8156
0.8156
0.8159
0.8158
0.8158
0.8158
0.8159
0.8158
0.8158
0.8159
0.8157
0.8157
0.8157
0.8155
0.8155
0.8154
0.8156
0.8156
0.8157
0.8155
0.8155
0.8156
0.8156
0.8155
0.8155
0.8155
0.8155
0.8156
0.8156
0.8156
0.8157
0.8157
0.8157
0.8156
0.8157
0.8157
0.8157
0.8155
0.8156
0.8156
0.8156
0.8154
0.8155
0.8155
0.8154
0.8155
0.8155
0.8155
0.8155
0.8155
0.8154
0.8155
0.8155
0.8155
0.8155
0.8155
0.8155
0.8155
0.8154
0.8155
0.8155
0.8155
0.8155
0.8155
0.8155
0.8155
0.8155
0.8155
0.8154
0.8154
0.8153
0.8146
0.8147
0.8147
0.8149
0.8148
0.8148
0.8149
0.8147
0.8147
0.8147
0.8146
0.8148
0.8147
0.8148
0.8146
0.8148
0.8148
0.8149
0.8149
0.8149
0.8147
0.8146
0.8148
0.8147
0.8147
0.8148
0.8146
0.8146
0.8147
0.8147
0.8147
0.8147
0.8147
0.8148
0.8148
0.8147
0.8147
0.8147
0.8146
0.8148
0.8147
0.8147
0.8148
0.8146
0.8147
0.8147
0.8147
0.8148
0.8147
0.8147
0.8149
0.8149
0.8149
0.815
0.815
0.8149
0.8147
0.8148
0.8148
0.8146
0.8146
0.8147
0.8146
0.8145
0.8144
0.8145
0.8145
0.8143
0.8143
0.8143
0.8145
0.8143
0.8143
0.8144
0.8144
0.814
0.8139
0.8138
0.8139
0.8139
0.8137
0.8137
0.8138
0.8139
0.8139
0.8139
0.8141
0.8138
0.8139
0.814
0.8139
0.8141
0.814
0.814
0.814
0.8141
0.814
0.814
0.814
0.814
0.8141
0.8143
0.8142
0.8142
0.8142
0.8141
0.8142
0.8141
0.814
0.814
0.814
0.814
0.8141
0.8141
0.8141
0.8142
0.8142
0.8142
0.8141
0.8142
0.8142
0.8142
0.8141
0.8141
0.8141
0.8141
0.8139
0.8139
0.8139
0.8141
0.8141
0.8138
0.8139
0.8139
0.8139
0.8137
0.8138
0.8138
0.8137
0.8138
0.8138
0.8138
0.8137
0.8139
0.8138
0.8138
0.8138
0.8138
0.8138
0.8138
0.8139
0.8139
0.814
0.814
0.8139
0.8139
0.8138
0.8139
0.8139
0.8139
0.814
0.8138
0.8138
0.814
0.814
0.8138
0.8139
0.814
0.8139
0.814
0.8139
0.8139
0.814
0.814
0.814
0.8141
0.814
0.814
0.814
0.8141
0.8141
0.8141
0.8141
0.8141
0.8141
0.8141
0.8141
0.8142
0.8142
0.8142
0.8141
0.8142
0.8142
0.8142
0.8141
0.8143
0.8142
0.8144
0.8142
0.8142
0.8142
0.8143
0.8143
0.8144
0.8143
0.8144
0.8144
0.8144
0.8145
0.8145
0.8145
0.8145
0.8143
0.8144
0.8145
0.8145
0.8143
0.8142
0.8141
0.8141
0.8142
0.8143
0.8142
0.8142
0.8141
0.8141
0.8141
0.814
0.8139
0.814
0.8139
0.8139
0.8139
0.8139
0.8139
0.8139
0.8139
0.8139
0.8141
0.814
0.8141
0.814
0.8142
0.8141
0.8141
0.8141
0.8142
0.8142
0.8142
0.8145
0.8145
0.8145
0.8143
0.8143
0.8145
0.8142
0.8143
0.8146
0.8145
0.8144
0.8145
0.8143
0.8143
0.8142
0.8145
0.8145
0.8145
0.8145
0.8145
0.8145
0.8144
0.8145
0.8145
0.8145
0.8146
0.8146
0.8146
0.8147
0.8147
0.8149
0.8149
0.8149
0.8149
0.8148
0.8148
0.8149
0.8149
0.8147
0.8147
0.8147
0.8146
0.8147
0.8148
0.8147
0.8147
0.8147
0.815
0.8151
0.8155
0.8155
0.8156
0.8155
0.8155
0.8154
0.8154
0.8155
0.8154
0.8154
0.8154
0.8153
0.8153
0.8151
0.8153
0.8153
0.8153
0.8153
0.8156
0.8155
0.8155
0.8152
0.8153
0.8153
0.815
0.8152
0.8151
0.8153
0.8153
0.8152
0.8152
0.8152
0.8152
0.8152
0.8149
0.815
0.815
0.8152
0.8151
0.815
0.815
0.815
0.815
0.8151
0.8151
0.8151
0.815
0.8151
0.8151
0.8149
0.8149
0.8148
0.8151
0.815
0.815
0.8148
0.8148
0.815
0.8151
0.8148
0.8148
0.8148
0.8149
0.8148
0.8149
0.8149
0.8154
0.8154
0.8153
0.8156
0.8153
0.8154
0.8155
0.8151
0.8151
0.8151
0.8153
0.8152
0.8152
0.8153
0.8151
0.8151
0.8151
0.8151
0.8153
0.8151
0.8151
0.815
0.8151
0.815
0.815
0.8151
0.8147
0.8147
0.8147
0.8144
0.8144
0.8147
0.8145
0.8145
0.8143
0.8145
0.8144
0.8145
0.8147
0.8146
0.8147
0.8149
0.8149
0.815
0.8149
0.8151
0.815
0.8149
0.8152
0.8152
0.8151
0.8155
0.8155
0.8153
0.8155
0.8154
0.8154
0.8161
0.816
0.816
0.8162
0.8162
0.8162
0.8163
0.816
0.8161
0.8161
0.8161
0.8158
0.8158
0.8158
0.8157
0.816
0.8159
0.8156
0.8156
0.8154
0.8157
0.8157
0.8149
0.8149
0.8151
0.8151
0.8151
0.8151
0.8152
0.8152
0.815
0.815
0.8153
0.8152
0.8154
0.8155
0.8153
0.8153
0.8153
0.8152
0.8152
0.8153
0.8158
0.8158
0.8159
0.8157
0.8157
0.8156
0.8156
0.8156
0.8155
0.8155
0.8154
0.8158
0.8158
0.8159
0.8155
0.8156
0.8154
0.8153
0.8153
0.8153
0.8153
0.8153
0.8153
0.8157
0.8156
0.8156
0.8158
0.8157
0.8157
0.8159
0.8158
0.8158
0.8156
0.8156
0.8156
0.8154
0.8154
0.8155
0.8155
0.8155
0.8156
0.8154
0.8155
0.8155
0.8155
0.8155
0.8155
0.8155
0.8155
0.8154
0.8153
0.8155
0.8155
0.8155
0.8155
0.8154
0.8154
0.8154
0.8151
0.8151
0.8151
0.815
0.8153
0.8152
0.8149
0.815
0.8147
0.8148
0.8148
0.8145
0.8145
0.8145
0.8146
0.8142
0.8141
0.8137
0.8139
0.8138
0.8128
0.8131
0.8131
0.8133
0.8133
0.8133
0.8135
0.8135
0.8134
0.8137
0.8137
0.8137
0.8137
0.8134
0.8136
0.8137
0.8138
0.8136
0.8136
0.8137
0.8139
0.8137
0.8137
0.8136
0.8136
0.8137
0.8137
0.8139
0.8139
0.814
0.8138
0.8139
0.8139
0.8139
0.8138
0.8138
0.8137
0.8141
0.8141
0.8141
0.8143
0.8143
0.8143
0.8143
0.8143
0.8143
0.8143
0.8145
0.8139
0.8139
0.8139
0.8141
0.8141
0.8142
0.8141
0.814
0.8139
0.8139
0.8139
0.8141
0.8141
0.8142
0.8143
0.8143
0.8143
0.8144
0.8143
0.8143
0.8143
0.8144
0.8143
0.8143
0.8142
0.8143
0.8143
0.8142
0.8142
0.8142
0.8141
0.8144
0.8144
0.8146
0.8146
0.8146
0.8145
0.8145
0.8146
0.8145
0.8148
0.8148
0.8145
0.8145
0.8145
0.8145
0.8146
0.8145
0.8145
0.8146
0.8143
0.8143
0.8146
0.8146
0.8147
0.8146
0.8144
0.8144
0.8145
0.8143
0.8144
0.8144
0.8146
0.8145
0.8146
0.8147
0.8146
0.8146
0.8146
0.8144
0.8145
0.8145
0.8143
0.8144
0.8143
0.8143
0.8146
0.8146
0.8146
0.8145
0.8146
0.8145
0.8145
0.8146
0.8145
0.8144
0.8145
0.8141
0.8141
0.8143
0.8141
0.8141
0.814
0.8141
0.8141
0.8139
0.814
0.814
0.8138
0.8139
0.8134
0.8134
0.8138
0.8137
0.8137
0.8133
0.8133
0.8133
0.8133
0.8134
0.8134
0.8133
0.8133
0.8133
0.8133
0.8133
0.8132
0.8133
0.8132
0.8121
0.8122
0.8121
0.8121
0.8125
0.8126
0.8126
0.8121
0.8123
0.8123
0.8119
0.812
0.812
0.8129
0.8128
0.8127
0.8132
0.8133
0.8132
0.8134
0.8132
0.8132
0.8134
0.8131
0.8131
0.8132
0.813
0.813
0.8129
0.813
0.8134
0.8145
0.8145
0.8147
0.8145
0.8145
0.8142
0.8145
0.8144
0.8144
0.8148
0.8144
0.8143
0.8144
0.8142
0.8142
0.8142
0.8139
0.8139
0.8141
0.8137
0.8138
0.8138
0.8138
0.8136
0.8138
0.8138
0.8138
0.8131
0.813
0.813
0.8133
0.8132
0.8132
0.8133
0.8131
0.8133
0.8138
0.8139
0.8144
0.8144
0.8144
0.8143
0.8142
0.8143
0.814
0.8141
0.8141
0.8135
0.8136
0.8143
0.8144
0.814
0.8144
0.8144
0.8143
0.8147
0.8145
0.8144
0.8143
0.8141
0.8135
0.8137
0.8137
0.8137
0.8133
0.8133
0.8133
0.8137
0.8136
0.8134
0.8135
0.8135
0.8133
0.8133
0.8134
0.813
0.8131
0.8132
0.8131
0.8132
0.8132
0.8135
0.8131
0.8131
0.813
0.8133
0.8133
0.8129
0.8129
0.8125
0.8125
0.8128
0.8127
0.8126
0.8125
0.8127
0.8127
0.8129
0.8126
0.8127
0.8128
0.8128
0.8125
0.8125
0.8125
0.8122
0.8121
0.8119
0.8122
0.8122
0.812
0.8118
0.812
0.8121
0.8123
0.8121
0.8121
0.8121
0.8122
0.8122
0.812
0.8111
0.8112
0.8112
0.8112
0.8116
0.8116
0.8118
0.8116
0.8116
0.8116
0.8113
0.8116
0.8117
0.8119
0.812
0.8123
0.8123
0.8123
0.8123
0.8121
0.8121
0.8123
0.8124
0.8122
0.8122
0.8122
0.8124
0.8121
0.8121
0.8123
0.8122
0.8121
0.8121
0.8122
0.8122
0.8121
0.8118
0.8118
0.8119
0.8119
0.8119
0.8119
0.8119
0.8119
0.8119
0.8118
0.8122
0.8121
0.8121
0.812
0.812
0.812
0.8123
0.8123
0.8122
0.8124
0.8125
0.8125
0.8123
0.8123
0.8126
0.8126
0.8126
0.8127
0.8127
0.8126
0.8126
0.8126
0.8126
0.8125
0.8125
0.8126
0.8126
0.8125
0.8126
0.8126
0.8125
0.8123
0.8124
0.8124
0.8126
0.8125
0.8124
0.8124
0.8127
0.8126
0.8127
0.8126
0.8125
0.8124
0.8124
0.8124
0.8124
0.8125
0.8125
0.8125
0.8124
0.8126
0.8124
0.8125
0.8125
0.8126
0.8126
0.8126
0.8125
0.8126
0.8126
0.8125
0.8126
0.8125
0.8125
0.8125
0.8124
0.8124
0.8125
0.8124
0.8126
0.8125
0.8123
0.8123
0.8123
0.8122
0.8123
0.8123
0.8123
0.8122
0.8123
0.8122
0.8121
0.8122
0.8122
0.8122
0.8121
0.8121
0.8123
0.8121
0.8121
0.8123
0.8123
0.8123
0.8123
0.8123
0.8123
0.8123
0.8123
0.8122
0.8122
0.8122
0.8121
0.8122
0.8122
0.8123
0.8122
0.8122
0.8121
0.8124
0.8123
0.8123
0.8124
0.8123
0.8124
0.8123
0.8124
0.8123
0.8123
0.8124
0.8124
0.8123
0.8124
0.8123
0.8124
0.8123
0.8123
0.8123
0.8124
0.8123
0.8123
0.8123
0.8123
0.8123
0.8123
0.8124
0.8126
0.8126
0.8127
0.8127
0.8127
0.8126
0.8127
0.8128
0.813
0.8128
0.8129
0.8129
0.8134
0.8134
0.8132
0.8132
0.8133
0.8134
0.8132
0.8133
0.8135
0.8135
0.8134
0.8134
0.8136
0.8136
0.8136
0.8133
0.8134
0.8133
0.8129
0.8129
0.8129
0.813
0.8129
0.8129
0.8129
0.8129
0.8129
0.8129
0.8129
0.8128
0.8129
0.8129
0.8129
0.8128
0.8128
0.8128
0.8128
0.8127
0.8127
0.8127
0.8126
0.8126
0.8126
0.8127
0.8127
0.8124
0.8127
0.8127
0.8124
0.8125
0.8125
0.8124
0.8126
0.8125
0.8125
0.8127
0.8126
0.8125
0.8125
0.8125
0.8124
0.8126
0.8126
0.8126
0.8126
0.8125
0.8126
0.8126
0.8127
0.8125
0.8126
0.8126
0.8126
0.8125
0.8125
0.8125
0.8126
0.8125
0.8125
0.8124
0.8124
0.8125
0.8124
0.8124
0.8126
0.8124
0.8125
0.8125
0.8123
0.8124
0.8124
0.8124
0.8122
0.8122
0.8123
0.8122
0.8123
0.8123
0.8123
0.8124
0.8122
0.8123
0.8124
0.8124
0.8123
0.8123
0.8123
0.8124
0.8123
0.8123
0.8123
0.8125
0.8122
0.8122
0.8122
0.8122
0.8123
0.8123
0.8123
0.8123
0.8124
0.8124
0.8124
0.8124
0.8123
0.8123
0.8123
0.8126
0.8126
0.8125
0.8128
0.8127
0.8127
0.813
0.8129
0.8127
0.8127
0.8127
0.8127
0.8127
0.8127
0.8128
0.8128
0.8128
0.8129
0.8129
0.813
0.813
0.8128
0.8129
0.8127
0.8127
0.8127
0.8127
0.8127
0.8127
0.8127
0.8128
0.8127
0.8127
0.8129
0.8128
0.8128
0.8129
0.8127
0.8127
0.8128
0.8128
0.8127
0.8128
0.8128
0.8127
0.8127
0.8128
0.8127
0.8128
0.8129
0.8128
0.8129
0.8129
0.8128
0.8128
0.813
0.8129
0.8129
0.8129
0.8129
