1.9548
1.9546
1.9543
1.9545
1.9548
1.9545
1.9548
1.9547
1.9546
1.9546
1.9544
1.9542
1.9542
1.9543
1.9542
1.9543
1.9545
1.9548
1.9545
1.9548
1.9546
1.9543
1.9542
1.9542
1.9545
1.9548
1.9545
1.9548
1.9549
1.9541
1.9538
1.9535
1.9536
1.9553
1.9575
1.9553
1.9575
1.9575
1.9575
1.9575
1.9575
1.9575
1.9575
1.9552
1.9544
1.9544
1.9552
1.9575
1.9575
1.9575
1.9575
1.9575
1.9575
1.9575
1.9575
1.9575
1.9575
1.9575
1.9575
1.9575
1.9575
1.9575
1.9575
1.9575
1.9575
1.9575
1.9575
1.9575
1.9575
1.9575
1.9575
1.9575
1.9575
1.9575
1.9575
1.9575
1.9575
1.9575
1.9575
1.9575
1.9575
1.9575
1.9575
1.9575
1.9575
1.9575
1.9575
1.9575
1.9575
1.9575
1.9575
1.9575
1.9575
1.9575
1.9571
1.9567
1.9567
1.9567
1.9571
1.9575
1.9571
1.9575
1.9575
1.9575
1.9575
1.9575
1.9575
1.9575
1.9575
1.9575
1.9575
1.9575
1.9559
1.9549
1.955
1.9549
1.9549
1.9549
1.9549
1.9546
1.9547
1.9546
1.9547
1.9551
1.955
1.955
1.9543
1.954
1.9548
1.955
1.9548
1.955
