0.6365
0.6365
0.6363
0.6364
0.6364
0.6364
0.6364
0.6364
0.6364
0.6364
0.6364
0.6364
0.6364
0.6364
0.6365
0.6365
0.6365
0.6365
0.6365
0.6365
0.6365
0.6366
0.6365
0.6365
0.6365
0.6365
0.6365
0.6366
0.6365
0.6365
0.6365
0.6365
0.6366
0.6366
0.6366
0.6365
0.6366
0.6365
0.6365
0.6366
0.6365
0.6366
0.6366
0.6365
0.6365
0.6365
0.6365
0.6365
0.6365
0.6365
0.6366
0.6366
0.6366
0.6365
0.6366
0.6366
0.6366
0.6367
0.6366
0.6366
0.6366
0.6365
0.6365
0.6365
0.6366
0.6366
0.6366
0.6365
0.6366
0.6366
0.6366
0.6365
0.6368
0.6368
0.6368
0.6368
0.6365
0.6366
0.6366
0.6366
0.6366
0.6366
0.6365
0.6365
0.6366
0.6366
0.6366
0.6366
0.6366
0.6366
0.6366
0.6366
0.6366
0.6366
0.6366
0.6366
0.6366
0.6366
0.6366
0.6366
0.6366
0.6366
0.6366
0.6366
0.6366
0.6366
0.6366
0.6366
0.6366
0.6366
0.6367
0.6367
0.6367
0.6367
0.6366
0.6366
0.6366
0.6366
0.6366
0.6366
0.6365
0.6365
0.6365
0.6366
0.6366
0.6366
0.6366
0.6365
0.6365
0.6365
0.6365
0.6366
0.6365
0.6366
0.6366
0.6365
0.6366
0.6366
0.6366
0.6365
0.6365
0.6365
0.6365
0.6365
0.6364
0.6364
0.6364
0.6364
0.6364
0.6364
0.6365
0.6364
0.6365
0.6365
0.6364
0.6365
0.6365
0.6365
0.6365
0.6365
0.6365
0.6365
0.6365
0.6365
0.6365
0.6365
0.6365
0.6365
0.6365
0.6365
0.6365
0.6365
0.6365
0.6366
0.6365
0.6365
0.6366
0.6365
0.6365
0.6365
0.6365
0.6365
0.6365
0.6365
0.6365
0.6365
0.6365
0.6365
0.6365
0.6365
0.6365
0.6365
0.6365
0.6365
0.6365
0.6365
0.6365
0.6365
0.6365
0.6365
0.6365
0.6365
0.6364
0.6364
0.6364
0.6365
0.6365
0.6365
0.6366
0.6366
0.6366
0.6365
0.6365
0.6365
0.6365
0.6365
0.6365
0.6365
0.6365
0.6365
0.6365
0.6366
0.6365
0.6365
0.6366
0.6365
0.6365
0.6365
0.6364
0.6365
0.6365
0.6365
0.6366
0.6366
0.6365
0.6364
0.6364
0.6365
0.6365
0.6364
0.6364
0.6364
0.6365
0.6364
0.6364
0.6364
0.6364
0.6364
0.6364
0.6364
0.6364
0.6364
0.6364
0.6364
0.6364
0.6365
0.6365
0.6365
0.6365
0.6364
0.6364
0.6364
0.6365
0.6364
0.6364
0.6365
0.6365
0.6365
0.6365
0.6365
0.6365
0.6365
0.6365
0.6365
0.6365
0.6365
0.6364
0.6364
0.6365
0.6364
0.6364
0.6364
0.6364
0.6364
0.6364
0.6364
0.6364
0.6363
0.6363
0.6363
0.6364
0.6364
0.6364
0.6364
0.6364
0.6364
0.6364
0.6364
0.6364
0.6364
0.6364
0.6363
0.6363
0.6363
0.6363
0.6361
0.6361
0.6361
0.6362
0.6361
0.6361
0.6362
0.6361
0.6361
0.6362
0.6361
0.6361
0.6361
0.6362
0.6362
0.6362
0.6362
0.6362
0.6362
0.6362
0.6362
0.6363
0.6362
0.6362
0.6362
0.6361
0.6361
0.636
0.636
0.6357
0.6358
0.6358
0.6358
0.6359
0.6359
0.6359
0.6359
0.6358
0.6358
0.6358
0.6358
0.636
0.6359
0.6359
0.6358
0.6358
0.6359
0.6359
0.6359
0.6359
0.6359
0.6359
0.6359
0.6359
0.6358
0.636
0.6359
0.6359
0.636
0.6359
0.6359
0.6359
0.6359
0.6359
0.6359
0.6359
0.6359
0.6359
0.6359
0.6359
0.6359
0.6359
0.6359
0.6359
0.6359
0.6359
0.6359
0.636
0.6359
0.6359
0.6359
0.636
0.636
0.6361
0.6361
0.6361
0.6361
0.636
0.6361
0.6361
0.6361
0.636
0.6361
0.6361
0.636
0.636
0.636
0.636
0.636
0.636
0.636
0.6361
0.6361
0.6361
0.636
0.636
0.636
0.6361
0.6361
0.636
0.6361
0.636
0.636
0.6359
0.6359
0.6359
0.6359
0.6359
0.6359
0.6359
0.636
0.636
0.636
0.636
0.636
0.636
0.636
0.636
0.636
0.636
0.636
0.636
0.636
0.636
0.636
0.636
0.636
0.6361
0.6361
0.6361
0.6361
0.6361
0.6361
0.6361
0.6361
0.6361
0.636
0.636
0.636
0.636
0.6361
0.6361
0.6361
0.6361
0.6361
0.6361
0.6361
0.6361
0.6361
0.6361
0.6361
0.6359
0.6359
0.6359
0.6359
0.636
0.636
0.636
0.6359
0.6359
0.6359
0.6359
0.636
0.6359
0.6358
0.6359
0.6359
0.636
0.636
0.636
0.636
0.6359
0.6359
0.6359
0.6359
0.636
0.636
0.636
0.636
0.636
0.636
0.6361
0.6361
0.636
0.636
0.6361
0.636
0.636
0.636
0.636
0.636
0.636
0.636
0.636
0.636
0.636
0.636
0.636
0.6361
0.636
0.636
0.6361
0.636
0.636
0.636
0.636
0.6361
0.6361
0.6361
0.636
0.636
0.6361
0.6361
0.636
0.636
0.6361
0.6361
0.6361
0.6361
0.6361
0.6361
0.6362
0.6362
0.6362
0.6361
0.6362
0.6362
0.6361
0.6361
0.6362
0.6362
0.6362
0.6362
0.6363
0.6362
0.6363
0.6363
0.6361
0.6361
0.6362
0.6362
0.6361
0.6361
0.6361
0.6361
0.6361
0.6361
0.6362
0.6362
0.6361
0.6361
0.6362
0.6362
0.6362
0.6362
0.6361
0.6361
0.6361
0.6361
0.6361
0.6361
0.636
0.6361
0.6361
0.6361
0.636
0.6361
0.6361
0.6361
0.6361
0.6361
0.6361
0.6361
0.6361
0.6361
0.6361
0.6361
0.6362
0.6362
0.6362
0.6362
0.6361
0.6361
0.6361
0.6361
0.6361
0.6361
0.6361
0.6362
0.6361
0.6361
0.6362
0.6361
0.6361
0.6361
0.6361
0.6363
0.6363
0.6363
0.6364
0.6363
0.6363
0.6363
0.6363
0.6363
0.6363
0.6363
0.6364
0.6364
0.6364
0.6365
0.6365
0.6365
0.6366
0.6366
0.6366
0.6366
0.6365
0.6366
0.6366
0.6366
0.6364
0.6364
0.6364
0.6363
0.6364
0.6364
0.6364
0.6364
0.6364
0.6364
0.6365
0.6365
0.6365
0.6366
0.6366
0.6367
0.6365
0.6365
0.6365
0.6366
0.6366
0.6366
0.6366
0.6366
0.6366
0.6366
0.6366
0.6365
0.6366
0.6366
0.6365
0.6366
0.6366
0.6366
0.6366
0.6365
0.6366
0.6365
0.6364
0.6364
0.6364
0.6364
0.6365
0.6365
0.6365
0.6365
0.6365
0.6365
0.6365
0.6365
0.6364
0.6364
0.6364
0.6364
0.6365
0.6364
0.6364
0.6365
0.6364
0.6364
0.6364
0.6364
0.6365
0.6365
0.6365
0.6366
0.6365
0.6365
0.6366
0.6364
0.6364
0.6364
0.6364
0.6369
0.6368
0.6368
0.6367
0.6372
0.6371
0.6371
0.6374
0.637
0.637
0.637
0.6369
0.6372
0.6372
0.6372
0.6374
0.6373
0.6373
0.6374
0.6371
0.6372
0.6372
0.6373
0.637
0.637
0.637
0.637
0.6371
0.637
0.637
0.6371
0.6369
0.6369
0.637
0.6369
0.6369
0.6369
0.6369
0.637
0.637
0.637
0.637
0.6368
0.6368
0.6368
0.6366
0.6366
0.6366
0.6369
0.6369
0.6369
0.6368
0.6369
0.6369
0.6369
0.6371
0.6368
0.6368
0.6368
0.6369
0.6369
0.6369
0.6371
0.6371
0.6371
0.637
0.6371
0.6371
0.6371
0.6371
0.6372
0.6372
0.6372
0.6372
0.637
0.637
0.637
0.637
0.6373
0.6373
0.6373
0.6372
0.6373
0.6373
0.6373
0.6374
0.6372
0.6373
0.6373
0.6373
0.6373
0.6373
0.6373
0.6375
0.6375
0.6375
0.6374
0.6376
0.6375
0.6375
0.6375
0.6376
0.6375
0.6375
0.6375
0.6372
0.6373
0.6373
0.6373
0.6374
0.6374
0.6374
0.6374
0.6373
0.6374
0.6374
0.6374
0.637
0.637
0.6371
0.6372
0.6371
0.6371
0.6373
0.6372
0.6372
0.6372
0.637
0.6371
0.6371
0.6371
0.6372
0.6372
0.6372
0.6372
0.6375
0.6375
0.6375
0.6375
0.6376
0.6376
0.6376
0.6376
0.6374
0.6374
0.6374
0.6373
0.6375
0.6375
0.6375
0.6373
0.6373
0.6373
0.6374
0.6373
0.6373
0.6373
0.6372
0.6373
0.6373
0.6376
0.6375
0.6375
0.6374
0.6376
0.6376
0.6376
0.6377
0.6377
0.6377
0.6377
0.6377
0.6377
0.6377
0.6378
0.6375
0.6376
0.6376
0.6376
0.6376
0.6376
0.6376
0.6377
0.6377
0.6377
0.6375
0.6375
0.6375
0.6375
0.6374
0.6374
0.6374
0.6374
0.6375
0.6374
0.6374
0.6373
0.6374
0.6374
0.6374
0.6374
0.6371
0.6372
0.6372
0.6371
0.6373
0.6373
0.6373
0.6373
0.6374
0.6373
0.6373
0.6373
0.6375
0.6375
0.6375
0.6373
0.6375
0.6375
0.6375
0.6376
0.6375
0.6375
0.6375
0.6373
0.6375
0.6375
0.6371
0.6373
0.6373
0.6373
0.6371
0.6373
0.6373
0.6373
0.637
0.6371
0.637
0.6372
0.6372
0.6373
0.6373
0.6373
0.6374
0.6371
0.6372
0.6372
0.6372
0.6371
0.6371
0.6371
0.6371
0.6373
0.6372
0.6372
0.6373
0.6372
0.6372
0.6372
0.6372
0.6371
0.6371
0.6371
0.6371
0.637
0.6371
0.6371
0.6371
0.6372
0.6371
0.6371
0.6371
0.6373
0.6373
0.6373
0.6372
0.6373
0.6373
0.6373
0.6374
0.6372
0.6372
0.6372
0.6372
0.6373
0.6373
0.6373
0.6373
0.6374
0.6374
0.6374
0.6375
0.6375
0.6375
0.6375
0.6376
0.6375
0.6375
0.6376
0.6375
0.6375
0.6375
0.6377
0.6377
0.6377
0.6377
0.6376
0.6376
0.6375
0.6377
0.6377
0.6377
0.6377
0.6376
0.6377
0.6377
0.6377
0.638
0.638
0.638
0.638
0.6381
0.6381
0.6381
0.638
0.6382
0.6382
0.6382
0.6381
0.6382
0.6382
0.6382
0.6382
0.638
0.638
0.6384
0.6384
0.6384
0.6384
0.6382
0.6382
0.6383
0.6383
0.6382
0.6383
0.6383
0.6382
0.6384
0.6383
0.6383
0.6383
0.6382
0.6382
0.6383
0.6382
0.6384
0.6384
0.6384
0.6384
0.6381
0.6381
0.6382
0.6381
0.6381
0.6381
0.6381
0.6379
0.638
0.638
0.6379
0.6382
0.6382
0.6382
0.6381
0.6384
0.6383
0.6383
0.6383
0.6386
0.6385
0.6385
0.6385
0.6385
0.6385
0.6382
0.6382
0.6383
0.6382
0.6382
0.6381
0.6383
0.6383
0.6383
0.6383
0.6382
0.6382
0.6382
0.6381
0.6381
0.6381
0.6379
0.638
0.638
0.6379
0.6381
0.638
0.6381
0.6381
0.6378
0.6379
0.6379
0.638
0.6378
0.6378
0.6378
0.6381
0.6381
0.6381
0.638
0.6382
0.6381
0.6381
0.6376
0.6377
0.6377
0.6376
0.6378
0.6378
0.6378
0.6378
0.6377
0.6377
0.6377
0.6378
0.6375
0.6376
0.6376
0.6382
0.638
0.638
0.6379
0.6383
0.6382
0.6382
0.6381
0.6381
0.6381
0.6377
0.6377
0.6377
0.6379
0.6378
0.6378
0.6378
0.6376
0.6377
0.6377
0.6385
0.6385
0.6385
0.6385
0.6388
0.6386
0.6385
0.6384
0.6387
0.6387
0.6387
0.6386
0.6388
0.6386
0.6386
0.6388
0.6387
0.6387
0.6388
0.6387
0.6387
0.6387
0.6388
0.6386
0.6386
0.6388
0.6387
0.6387
0.6387
0.6385
0.6386
0.6386
0.6386
0.6388
0.6388
0.6388
0.6388
0.6387
0.6387
0.6387
0.6387
0.6389
0.639
0.6393
0.6393
0.6395
0.6394
0.6393
0.6393
0.6395
0.6394
0.6394
0.6393
0.6395
0.6394
0.6394
0.6393
0.6397
0.6397
0.6397
0.6395
0.6396
0.6396
0.6396
0.6399
0.6398
0.6398
0.6399
0.6397
0.6397
0.6397
0.6395
0.6396
0.6396
0.6396
0.6394
0.6394
0.6394
0.6397
0.6397
0.6397
0.6395
0.6395
0.6395
0.6393
0.6393
0.6393
0.6395
0.6393
0.6393
0.6392
0.6394
0.6394
0.6394
0.6396
0.6393
0.6393
0.6391
0.6391
0.6391
0.6392
0.639
0.6391
0.6391
0.6391
0.6388
0.6388
0.6389
0.6387
0.6387
0.6387
0.6387
0.6389
0.6389
0.6389
0.6389
0.6386
0.6387
0.6387
0.6387
0.6385
0.6385
0.6385
0.6383
0.6384
0.6383
0.6381
0.6382
0.6382
0.6382
0.638
0.6381
0.6381
0.6382
0.6381
0.6381
0.6382
0.638
0.638
0.6372
0.6374
0.6374
0.6374
0.6375
0.6374
0.6374
0.6371
0.6371
0.6371
0.637
0.6374
0.6374
0.6373
0.6375
0.6375
0.6376
0.6377
0.6377
0.6375
0.6376
0.6376
0.6378
0.6377
0.6377
0.6375
0.6376
0.6376
0.6376
0.6375
0.6375
0.6377
0.6376
0.6376
0.6375
0.6376
0.6376
0.6375
0.6376
0.6376
0.6376
0.6375
0.6375
0.6375
0.6374
0.6375
0.6375
0.6375
0.6376
0.6376
0.6376
0.6375
0.6378
0.6378
0.6378
0.6377
0.6378
0.6378
0.6378
0.6378
0.6378
0.638
0.6379
0.6379
0.6379
0.638
0.638
0.6379
0.638
0.6379
0.6379
0.6379
0.638
0.638
0.638
0.638
0.6379
0.6379
0.638
0.6378
0.6378
0.6378
0.6378
0.6381
0.638
0.638
0.6382
0.6382
0.6383
0.6382
0.6382
0.6382
0.6381
0.6381
0.638
0.638
0.6379
0.6379
0.6379
0.6379
0.6379
0.6379
0.6379
0.6379
0.6379
0.6379
0.6379
0.6379
0.6379
0.6379
0.6379
0.638
0.638
0.638
0.6382
0.6382
0.6382
0.6379
0.6379
0.6378
0.6379
0.6379
0.6379
0.6378
0.6378
0.6378
0.6377
0.6378
0.6378
0.6378
0.6377
0.6377
0.6377
0.6377
0.6377
0.6377
0.6377
0.6377
0.6376
0.6377
0.6377
0.6378
0.6377
0.6377
0.6378
0.6378
0.6377
0.6377
0.6376
0.6376
0.6376
0.6377
0.6376
0.6376
0.6376
0.6377
0.6377
0.6377
0.6377
0.6377
0.6377
0.6376
0.6377
0.6377
0.6377
0.6377
0.6377
0.6377
0.6377
0.6378
0.6377
0.6377
0.6377
0.6378
0.6378
0.6378
0.6378
0.6377
0.6378
0.6378
0.6377
0.6379
0.6379
0.638
0.638
0.638
0.638
0.6379
0.638
0.638
0.6379
0.638
0.638
0.638
0.638
0.6382
0.6382
0.6382
0.6382
0.638
0.638
0.638
0.638
0.638
0.638
0.638
0.6381
0.638
0.638
0.6382
0.6382
0.6382
0.6381
0.6382
0.6381
0.6381
0.6379
0.638
0.638
0.6379
0.6379
0.6379
0.6379
0.6379
0.6379
0.6379
0.6379
0.6379
0.6379
0.6378
0.6379
0.6378
0.6378
0.6378
0.6378
0.6379
0.6379
0.6379
0.6379
0.6378
0.6379
0.6379
0.6379
0.6378
0.6379
0.6379
0.6379
0.6378
0.6378
0.6377
0.6377
0.6377
0.6376
0.6377
0.6377
0.6378
0.6377
0.6377
0.6377
0.6377
0.6377
0.6377
0.6379
0.6379
0.6379
0.6379
0.6379
0.6379
0.6379
0.6378
0.6378
0.6378
0.6378
0.6378
0.6378
0.6378
0.6377
0.6379
0.6379
0.6379
0.6378
0.6379
0.6379
0.6379
0.6377
0.6377
0.6377
0.6377
0.6377
0.6377
0.6377
0.6377
0.6377
0.6378
0.6378
0.6378
0.6377
0.6378
0.6378
0.6378
0.6378
0.6378
0.6378
0.6378
0.6378
0.6377
0.6378
0.6378
0.6378
0.6378
0.6378
0.6378
0.6378
0.6377
0.6378
0.6378
0.6377
0.6377
0.6377
0.6377
0.6378
0.6378
0.6378
0.6379
0.6378
0.6378
0.6378
0.6381
0.6381
0.6381
0.6379
0.638
0.638
0.638
0.6378
0.6378
0.6378
0.638
0.6379
0.6381
0.638
0.638
0.6381
0.638
0.638
0.638
0.638
0.638
0.638
0.6379
0.6379
0.6379
0.638
0.638
0.638
0.6379
0.638
0.638
0.638
0.6379
0.6379
0.6379
0.6379
0.6378
0.6378
0.6379
0.6377
0.6378
0.6378
0.6377
0.6378
0.6378
0.6378
0.6378
0.6379
0.6379
0.6378
0.638
0.638
0.638
0.6379
0.638
0.638
0.638
0.638
0.638
