226.99
227.25
226.94
227.02
227.02
226.97
227.3
227.24
227.24
227.35
227.11
227.18
227.14
227.39
227.08
227.2
227.17
227.33
227.07
227.19
227.18
227.61
226.84
227.21
227.23
227.42
227.06
227.2
227.2
227.15
227.29
227.21
227.21
227.31
227.14
227.19
227.19
227.27
227.16
227.17
227.15
227.14
227.3
227.22
227.23
227.34
227.18
227.24
227.22
227.46
227.19
227.21
227.21
227.2
227.42
227.34
227.32
227.32
227.46
227.44
227.42
227.38
227.49
227.45
227.45
227.4
227.5
227.44
227.43
227.65
227.35
227.48
227.45
227.72
227.4
227.55
227.6
227.65
227.36
227.42
227.42
227.31
227.45
227.39
227.38
227.44
227.32
227.38
227.38
227.34
227.46
227.39
227.39
227.43
227.27
227.37
227.37
227.35
227.44
227.42
227.42
227.37
227.51
227.47
227.49
227.38
227.51
227.43
227.43
227.52
227.41
227.49
227.49
227.42
227.55
227.51
227.49
227.47
227.54
227.48
227.48
227.56
227.55
227.55
227.46
227.49
227.49
227.54
227.42
227.47
227.46
227.5
227.42
227.45
227.45
227.38
227.5
227.43
227.44
227.33
227.48
227.43
227.46
227.49
227.36
227.42
227.45
227.35
227.46
227.41
227.39
227.36
227.45
227.39
227.36
227.35
227.46
227.36
227.36
227.37
227.29
227.32
227.32
227.28
227.39
227.35
227.35
227.39
227.28
227.34
227.38
227.27
227.4
227.4
227.33
227.44
227.25
227.38
227.38
227.48
227.32
227.39
227.48
227.32
227.4
227.4
227.49
227.31
227.38
227.38
227.31
227.49
227.41
227.45
227.45
227.29
227.35
227.25
227.43
227.35
227.35
227.42
227.3
227.32
227.32
227.42
227.26
227.33
227.35
227.4
227.24
227.32
227.35
227.21
227.39
227.31
227.3
227.24
227.37
227.32
227.32
227.24
227.39
227.37
227.37
227.49
227.31
227.4
227.4
227.32
227.46
227.37
227.37
227.54
227.3
227.38
227.4
227.44
227.31
227.37
227.35
227.3
227.43
227.4
227.4
227.44
227.29
227.37
227.37
227.45
227.28
227.39
227.39
227.45
227.27
227.32
227.32
227.26
227.37
227.3
227.3
227.23
227.38
227.26
227.26
227.37
227.22
227.32
227.32
227.39
227.3
227.34
227.32
227.43
227.29
227.34
227.34
227.39
227.27
227.34
227.35
227.41
227.27
227.35
227.41
227.26
227.37
227.35
227.3
227.39
227.35
227.35
227.3
227.48
227.41
227.38
227.35
227.45
227.41
227.41
227.46
227.35
227.39
227.35
227.44
227.3
227.33
227.32
227.26
227.4
227.37
227.37
227.41
227.3
227.32
227.32
227.39
227.27
227.34
227.34
227.3
227.41
227.38
227.38
227.42
227.31
227.39
227.39
227.31
227.43
227.34
227.33
227.43
227.32
227.36
227.38
227.4
227.26
227.33
227.33
227.26
227.39
227.33
227.33
227.26
227.38
227.34
227.34
227.38
227.26
227.33
227.3
227.37
227.26
227.34
227.34
227.37
227.26
227.34
227.33
227.37
227.29
227.32
227.33
227.39
227.26
227.32
227.32
227.35
227.23
227.26
227.26
227.26
226.98
226.98
226.99
227.03
226.96
226.98
226.99
227.01
226.71
226.73
226.73
226.7
226.91
226.78
226.79
226.72
226.96
226.95
226.95
226.95
227.02
226.96
226.96
226.99
226.9
226.91
226.91
226.91
226.97
226.95
226.95
226.96
226.88
226.9
226.9
226.92
226.88
226.9
226.91
226.96
226.89
226.91
226.92
226.93
226.88
226.89
226.88
226.95
226.94
226.93
226.96
226.89
226.93
226.94
226.9
226.96
226.95
226.95
227.02
226.99
226.99
227.12
227.04
227.04
227.05
226.96
227.01
227.01
226.92
226.94
226.94
226.97
226.9
226.91
226.91
226.85
226.91
226.9
226.9
226.91
226.82
226.83
226.87
226.82
226.91
226.85
226.85
226.89
226.74
226.76
226.76
226.76
226.68
226.68
226.68
226.68
226.59
226.6
226.6
226.59
226.7
226.7
226.7
226.73
226.67
226.71
226.71
226.68
226.74
226.71
226.71
226.74
226.69
226.7
226.7
226.69
226.76
226.75
226.75
226.81
226.78
226.78
226.79
226.76
226.77
226.76
226.78
226.72
226.74
226.74
226.73
226.75
226.75
226.74
226.73
226.79
226.77
226.78
226.8
226.77
226.79
226.79
226.79
226.74
226.75
226.76
226.76
226.68
226.72
226.72
226.7
226.76
226.74
226.75
226.76
226.66
226.71
226.71
226.72
226.65
226.65
226.65
226.62
226.68
226.67
226.67
226.66
226.7
226.67
226.68
226.7
226.65
226.68
226.67
226.67
226.71
226.71
226.71
226.73
226.68
226.69
226.69
226.64
226.71
226.71
226.72
226.67
226.68
226.68
226.67
226.73
226.71
226.7
226.74
226.66
226.7
226.7
226.68
226.72
226.7
226.7
226.69
226.74
226.73
226.73
226.71
226.75
226.72
226.72
226.71
226.78
226.77
226.79
226.7
226.74
226.74
226.82
226.79
226.79
226.83
226.78
226.82
226.82
226.78
226.88
226.88
226.92
226.85
226.87
226.87
226.85
226.89
226.86
226.86
226.85
226.95
226.94
226.94
226.96
226.93
226.93
226.93
226.95
226.88
226.91
226.91
226.96
226.82
226.83
226.83
226.84
226.6
226.62
226.64
226.62
226.7
226.63
226.63
226.65
226.57
226.6
226.6
226.61
226.45
226.5
226.5
226.52
226.48
226.49
226.48
226.54
226.43
226.5
226.5
226.44
226.55
226.55
226.62
226.49
226.56
226.51
226.61
226.49
226.57
226.57
226.65
226.65
226.65
226.75
226.6
226.62
226.62
226.62
226.71
226.7
226.7
226.84
226.77
226.77
226.81
226.73
226.76
226.76
226.81
226.71
226.79
226.79
226.77
226.88
226.85
226.85
226.86
226.8
226.84
226.83
226.81
226.89
226.88
226.87
226.92
226.85
226.88
226.88
226.87
226.95
226.92
226.92
226.96
226.9
226.95
226.95
226.99
226.81
226.82
226.82
226.85
226.77
226.79
226.79
226.74
226.92
226.86
226.87
226.84
227.01
227.01
226.99
226.97
227.15
227.15
227.14
227.01
227.07
227.07
227.08
226.95
226.96
226.96
226.97
226.79
226.79
226.83
226.6
226.64
226.65
226.63
226.8
226.71
226.71
226.58
226.61
226.61
226.36
226.36
226.36
226.35
226.44
226.43
226.43
226.36
226.54
226.52
226.52
226.55
226.48
226.51
226.51
226.51
226.58
226.55
226.55
226.56
226.51
226.52
226.52
226.49
226.55
226.53
226.53
226.53
227.0
226.76
226.76
226.8
226.54
226.6
226.6
226.54
226.73
226.65
226.65
226.67
226.4
226.55
226.55
226.54
226.7
226.61
226.61
226.56
226.62
226.62
226.62
227.01
226.96
226.96
227.22
227.1
227.1
226.93
227.14
227.13
227.14
227.23
227.07
227.19
227.19
227.18
227.32
227.22
227.22
227.28
227.18
227.2
227.2
227.16
227.24
227.17
227.17
227.18
227.03
227.1
227.1
227.11
226.93
226.94
226.94
227.04
226.97
226.97
226.9
227.15
227.15
227.22
227.19
227.19
227.31
227.29
227.29
227.27
227.34
227.32
227.32
227.26
227.53
227.5
227.5
227.47
227.61
227.61
227.61
227.55
227.79
227.72
227.72
227.63
227.97
227.93
227.93
228.08
228.04
228.04
228.08
227.87
227.92
227.92
227.94
227.74
227.76
227.76
227.75
227.88
227.86
227.86
227.87
227.68
227.71
227.71
227.65
227.76
227.72
227.72
227.74
227.29
227.35
227.35
227.31
227.46
227.46
227.46
227.35
227.44
227.44
227.5
227.39
227.5
227.5
227.51
227.4
227.42
227.42
227.58
227.56
227.56
227.57
227.31
227.42
227.43
227.3
227.51
227.51
227.56
227.46
227.46
227.46
227.49
227.26
227.31
227.31
227.1
227.11
227.11
227.08
227.36
227.33
227.33
227.46
227.22
227.24
227.24
227.25
227.09
227.1
227.1
227.06
227.2
227.2
227.38
227.36
227.36
227.26
227.31
227.31
227.38
227.32
227.32
227.33
227.18
227.2
227.2
227.21
227.13
227.18
227.18
227.32
227.26
227.26
227.25
227.33
227.3
227.3
227.35
227.29
227.3
227.3
227.32
227.22
227.23
227.23
227.27
227.2
227.2
227.2
227.17
227.34
227.33
227.33
227.15
227.15
227.15
227.13
227.27
227.23
227.23
227.29
227.15
227.17
227.16
227.17
227.02
227.03
227.03
227.03
226.85
226.86
226.86
226.93
226.78
226.79
226.79
226.8
226.65
226.74
226.74
226.78
226.45
226.55
226.55
226.34
226.37
226.37
226.42
226.26
226.26
226.26
226.37
226.19
226.27
226.27
226.32
225.9
226.0
226.0
225.92
226.02
226.01
226.01
226.05
225.96
225.96
225.96
225.87
226.01
225.92
225.92
225.91
226.01
226.0
226.01
225.99
226.08
226.08
226.08
226.08
226.03
226.03
226.03
226.01
226.16
226.14
226.14
226.03
226.21
226.21
226.21
226.16
226.19
226.19
226.24
226.07
226.08
226.08
226.15
226.0
226.11
226.11
226.29
226.21
226.21
226.2
226.24
226.2
226.2
226.37
226.33
226.33
226.51
226.46
226.46
226.46
226.52
226.48
226.48
226.48
226.64
226.61
226.61
226.55
226.66
226.65
226.65
226.59
226.68
226.65
226.65
226.65
226.74
226.74
226.73
226.81
226.78
226.77
226.79
226.75
226.76
226.77
226.74
226.83
226.8
226.8
226.82
226.71
226.72
226.72
226.74
226.66
226.69
226.69
226.71
226.64
226.64
226.64
226.63
226.72
226.72
226.74
226.71
226.71
226.71
226.64
226.68
226.68
226.7
226.63
226.66
226.66
226.58
226.71
226.68
226.68
226.82
226.77
226.77
226.79
226.64
226.72
226.72
226.76
226.64
226.67
226.67
226.65
226.78
226.74
226.73
226.71
226.79
226.79
226.79
227.04
226.98
226.98
226.98
227.13
227.02
227.02
227.16
227.06
227.06
227.07
226.99
227.03
227.03
227.03
226.98
227.02
227.02
227.03
226.99
227.0
227.0
227.01
226.78
226.8
226.8
226.79
226.92
226.89
226.89
226.93
226.74
226.79
226.79
226.88
226.77
226.78
226.78
226.76
226.84
226.82
226.81
226.82
226.77
226.78
226.78
226.4
226.42
226.42
226.41
226.6
226.6
226.6
226.6
226.44
226.5
226.5
226.52
226.36
226.44
226.44
226.42
226.7
226.65
226.65
226.62
226.85
226.81
226.81
226.79
226.88
226.82
226.82
226.88
226.73
226.76
226.76
226.71
226.8
226.74
226.74
226.76
226.66
226.75
226.75
226.74
227.52
227.44
227.44
227.8
227.68
227.68
227.57
227.77
227.74
227.74
227.69
227.87
227.74
227.74
227.74
228.28
227.99
227.99
227.69
227.71
227.71
227.84
227.65
227.66
227.66
227.7
227.52
227.58
227.58
227.27
227.28
227.28
227.26
227.41
227.38
227.38
227.42
227.21
227.28
227.28
227.26
227.56
227.55
227.55
227.54
227.83
227.83
227.83
227.81
227.96
227.85
227.85
227.83
227.99
227.95
227.95
227.97
227.73
227.77
227.77
227.73
228.11
228.05
228.05
228.03
228.24
228.2
228.2
228.18
228.39
228.29
228.29
228.43
228.26
228.26
228.09
228.13
228.13
228.15
227.82
227.83
227.83
227.88
227.76
227.79
227.79
227.76
227.99
227.99
228.01
227.92
227.95
227.95
227.99
227.86
227.93
227.93
227.93
227.83
227.89
227.89
227.86
228.15
228.15
228.04
228.42
228.41
228.41
228.24
228.26
228.26
228.28
227.98
227.99
227.99
227.97
228.14
228.1
228.1
228.04
228.22
228.2
228.2
228.27
228.14
228.2
228.2
228.23
228.11
228.11
228.11
227.79
227.81
227.81
228.01
227.66
227.69
227.69
227.68
227.95
227.94
227.94
227.77
227.82
227.82
227.92
227.74
227.74
227.42
227.49
227.49
227.48
227.78
227.75
227.75
227.73
227.91
227.86
227.86
227.86
227.76
227.86
227.86
227.84
227.96
227.93
227.94
227.93
228.12
228.12
228.12
228.19
228.1
228.12
228.12
228.25
228.21
228.21
228.33
228.14
228.18
228.18
228.14
228.24
228.15
228.15
228.16
227.85
227.86
227.86
227.82
227.88
227.85
227.85
227.84
227.89
227.89
227.86
227.99
227.96
227.96
227.95
228.16
228.15
228.15
228.15
228.07
228.11
228.11
228.1
228.18
228.17
228.17
228.2
228.14
228.2
228.2
228.21
228.15
228.15
228.15
228.14
228.38
228.36
228.36
228.34
228.46
228.45
228.45
228.46
228.38
228.39
228.39
228.37
228.59
228.58
228.58
228.6
228.55
228.55
228.57
228.48
228.54
228.54
228.51
228.64
228.55
228.55
228.5
228.64
228.59
228.59
228.58
228.82
228.69
228.69
228.65
228.8
228.67
228.66
228.62
229.14
228.75
228.75
228.69
229.16
228.93
228.93
228.9
229.02
228.97
228.97
228.99
228.9
228.91
228.91
228.92
228.87
228.9
228.9
228.92
228.87
228.89
228.89
228.89
228.97
228.95
228.95
228.95
228.86
228.87
228.87
228.81
228.89
228.87
228.87
228.88
228.75
228.76
228.76
228.73
228.79
228.78
228.78
228.79
228.74
228.75
228.75
228.74
228.78
228.76
228.77
228.75
228.81
228.8
228.78
228.83
228.77
228.79
228.79
228.82
228.76
228.76
228.79
228.73
228.75
228.75
228.74
228.8
228.78
228.78
228.76
228.83
228.82
228.82
228.83
228.79
228.81
228.81
228.83
228.79
228.8
228.8
228.78
228.82
228.81
228.8
228.82
228.78
228.82
228.81
228.82
228.78
228.79
228.79
228.79
228.82
228.82
228.8
228.89
228.89
228.89
228.86
228.92
228.91
228.91
228.87
228.94
228.94
229.01
228.99
228.99
228.97
229.15
229.12
229.12
229.14
229.06
229.1
229.1
229.12
229.07
229.08
229.08
229.07
229.22
229.16
229.16
229.18
229.08
229.11
229.11
229.12
229.06
229.09
229.1
228.92
228.94
228.94
228.96
228.84
228.87
228.87
228.84
229.04
229.03
229.02
229.05
228.93
228.98
228.98
228.99
228.87
228.87
228.86
228.92
228.88
228.88
228.89
228.85
228.86
228.86
228.83
228.87
228.87
228.87
228.86
228.95
228.94
228.94
228.95
228.82
228.86
228.86
228.9
228.89
228.89
228.88
228.95
228.9
228.9
228.94
228.87
228.9
228.9
228.89
228.97
228.96
228.96
228.97
228.94
228.97
228.97
228.98
228.95
228.98
228.99
229.0
228.93
228.93
228.94
228.95
228.88
228.89
228.88
228.94
228.93
228.94
228.9
228.92
228.92
228.93
228.86
228.89
228.89
228.92
228.83
228.84
228.84
228.82
228.87
228.86
228.86
228.88
228.79
228.81
228.81
228.88
228.87
228.87
228.86
228.88
228.88
228.87
228.94
228.83
228.84
228.84
228.83
228.88
228.86
228.86
228.8
228.87
228.85
228.85
228.86
228.78
228.81
228.81
228.8
228.9
228.9
228.88
228.96
228.95
228.95
228.92
229.05
229.0
229.0
229.01
228.89
228.96
228.96
228.97
228.92
228.96
228.95
228.95
228.99
228.98
228.98
228.98
229.05
229.03
229.03
229.04
228.9
228.96
228.96
228.94
229.0
228.95
228.95
228.96
228.93
228.96
228.95
228.98
228.93
228.93
228.95
229.01
228.98
228.98
228.99
228.94
228.96
228.96
228.95
228.99
228.97
228.98
229.0
228.89
228.89
228.89
228.93
228.79
228.92
228.92
228.91
228.96
228.96
228.96
228.91
228.95
228.95
228.93
228.97
228.96
228.96
228.93
228.98
228.95
