6.1179
6.1377
6.1167
6.1275
6.1276
6.1188
6.1285
6.1277
6.1279
6.1373
6.1173
6.1367
6.137
6.1377
6.1193
6.1373
6.137
6.1187
6.1373
6.137
6.1187
6.1373
6.1375
6.1377
6.1191
6.1373
6.1375
6.1377
6.1187
6.1377
6.1375
6.1193
6.1377
6.1375
6.1377
6.1182
6.1373
6.137
6.1377
6.1186
6.1377
6.138
6.1383
6.1195
6.1373
6.1365
6.1182
6.1377
6.1377
6.1375
6.1377
6.1187
6.1377
6.1375
6.1377
6.1193
6.1377
6.1375
6.1377
6.1193
6.1377
6.138
6.1383
6.1377
6.1383
6.138
6.1377
6.1383
6.1385
6.1219
6.1414
6.1413
6.141
6.1413
6.1199
6.1403
6.1215
6.1401
6.1193
6.1295
6.1294
6.1203
6.1296
6.1294
6.1294
6.12
6.139
6.1386
6.1384
6.139
6.1197
6.1387
6.1387
6.1193
6.1396
6.139
6.1388
6.14
6.1219
6.14
6.1398
6.1406
6.1191
6.14
6.1403
6.1413
6.1225
6.141
6.1408
6.142
6.1193
6.1416
6.1409
6.1416
6.1223
6.1416
6.1418
6.1426
6.1235
6.142
6.1423
6.1426
6.1226
6.1416
6.1411
6.121
6.1406
6.1401
6.1406
6.1216
6.1406
6.1403
6.1211
6.14
6.1393
6.1206
6.14
6.14
6.1398
6.1203
6.1396
6.1398
6.14
6.1203
6.1396
6.1393
6.12
6.139
6.1383
6.139
6.1197
6.1386
6.1382
6.1182
6.1279
6.128
6.1284
6.1187
6.1281
6.1293
6.1376
6.1186
6.1376
6.1371
6.1376
6.1186
6.1376
6.1373
6.1181
6.1386
6.1388
6.139
6.1388
6.139
6.1374
6.139
6.1182
6.139
6.1388
6.1376
6.1378
6.1379
6.1187
6.1379
6.1378
6.1379
6.1177
6.1376
6.1367
6.1376
6.1179
6.1365
6.1363
6.1365
6.1171
6.1365
6.1356
6.1365
6.1167
6.1365
6.1358
6.1365
6.1171
6.136
6.1363
6.1167
6.1379
6.1383
6.1379
6.139
6.1387
6.139
6.1209
6.139
6.1387
6.139
6.1209
6.1379
6.1368
6.1379
6.1182
6.1379
6.1374
6.1188
6.1285
6.1284
6.1181
6.1379
6.1378
6.1379
6.1376
6.1379
6.1378
6.1181
6.1379
6.1376
6.1373
6.1172
6.136
6.1363
6.1365
6.1171
6.136
6.1359
6.1177
6.1365
6.1368
6.1376
6.1189
6.137
6.1373
6.1376
6.1189
6.137
6.1368
6.137
6.1187
6.137
6.1368
6.1365
6.137
6.1368
6.1365
6.137
6.137
6.1373
6.1193
6.1379
6.1376
6.1378
6.1396
6.1203
6.139
6.1393
6.1213
6.14
6.1396
6.1393
6.1396
6.1207
6.1379
6.1383
6.1386
6.1179
6.1365
6.1368
6.1176
6.1379
6.1376
6.1378
6.1386
6.1193
6.1376
6.1371
6.1187
6.1277
6.1277
6.1186
6.128
6.1281
6.1199
6.139
6.1379
6.1378
6.1386
6.1179
6.1379
6.1378
6.1175
6.137
6.1373
6.1376
6.1175
6.1365
6.1363
6.1167
6.137
6.1368
6.137
6.1171
6.1365
6.1363
6.1365
6.1167
6.1365
6.1368
6.137
6.1161
6.1365
6.1363
6.1365
6.1165
6.1365
6.1368
6.137
6.1167
6.1365
6.1363
6.137
6.1165
6.1365
6.1363
6.1365
6.1161
6.1356
6.1353
6.1112
6.1381
6.1306
6.1303
6.1119
6.1397
6.1315
6.1318
6.1397
6.1112
6.1306
6.138
6.1109
6.1397
6.1309
6.1307
6.1129
6.1388
6.132
6.1318
6.1399
6.1123
6.1315
6.1318
6.1119
6.1391
6.1295
6.1333
6.1197
6.1337
6.1297
6.1299
6.1375
6.1195
6.13
6.1294
6.1112
6.1306
6.1306
6.1308
6.1112
6.1315
6.1306
6.1308
6.1309
6.1112
6.1309
6.1308
6.1309
6.1121
6.1309
6.1308
6.1117
6.1309
6.1309
6.1308
6.1309
6.1119
6.1309
6.1315
6.132
6.1125
6.132
6.1323
6.1143
6.1329
6.1315
6.1312
6.1119
6.1315
6.1306
6.1311
6.1315
6.1115
6.13
6.1298
6.13
6.1113
6.129
6.1288
6.129
6.1097
6.129
6.1288
6.1083
6.128
6.1277
6.1286
6.1099
6.1276
6.1278
6.1286
6.1059
6.1256
6.1253
6.1059
6.1245
6.1242
6.1245
6.1048
6.1236
6.1236
6.1061
6.125
6.1149
6.1151
6.1154
6.1052
6.1149
6.115
6.1071
6.1259
6.1256
6.1253
6.1259
6.1071
6.125
6.1253
6.1259
6.1059
6.1259
6.1263
6.1276
6.1087
6.127
6.1268
6.127
6.1082
6.1266
6.1262
6.1266
6.1059
6.1256
6.1258
6.1259
6.1073
6.1256
6.1258
6.1079
6.127
6.127
6.1268
6.127
6.1057
6.1266
6.1262
6.1266
6.1067
6.1259
6.1258
6.1053
6.1245
6.1251
6.1059
6.1259
6.1255
6.1045
6.1245
6.1241
6.1039
6.1236
6.1228
6.1041
6.124
6.1242
6.1245
6.1049
6.124
6.1242
6.1245
6.1045
6.124
6.1242
6.1053
6.125
6.125
6.1247
6.1069
6.1256
6.1152
6.115
6.1053
6.1154
6.1153
6.1245
6.1049
6.1245
6.1238
6.1051
6.1256
6.1258
6.1259
6.1049
6.125
6.1248
6.1051
6.125
6.1253
6.125
6.1259
6.1258
6.1059
6.1256
6.1258
6.1064
6.1266
6.1262
6.1064
6.1266
6.1259
6.1258
6.1068
6.127
6.1266
6.1267
6.127
6.1071
6.127
6.1263
6.1077
6.1276
6.1278
6.1286
6.1078
6.1276
6.127
6.128
6.1083
6.1276
6.1273
6.1091
6.1295
6.129
6.1293
6.1295
6.1101
6.129
6.1288
6.1295
6.1094
6.128
6.1284
6.129
6.1092
6.127
6.1268
6.1069
6.1266
6.1266
6.128
6.1091
6.1173
6.1172
6.1173
6.107
6.1167
6.117
6.1256
6.117
6.125
6.1253
6.1256
6.1055
6.125
6.1248
6.1055
6.1256
6.1256
6.1258
6.1259
6.1059
6.1259
6.1263
6.127
6.1066
6.1266
6.1258
6.1071
6.1276
6.127
6.1273
6.127
6.129
6.129
6.1293
6.1295
6.1095
6.1276
6.1278
6.129
6.1087
6.129
6.1293
6.13
6.1286
6.1288
6.129
6.1091
6.128
6.1269
6.1083
6.129
6.1293
6.1295
6.1101
6.129
6.1293
6.1295
6.1095
6.129
6.1293
6.13
6.1101
6.13
6.1303
6.1105
6.1309
6.1306
6.1308
6.112
6.132
6.132
6.1323
6.1329
6.1121
6.1134
6.1401
6.1119
6.1216
6.1215
6.1256
6.1119
6.1214
6.1253
6.1122
6.1309
6.13
6.1303
6.1214
6.1486
6.1313
6.131
6.1295
6.1357
6.1362
6.1367
6.1337
6.1343
6.134
6.1321
6.1355
6.1337
6.1339
6.1319
6.1353
6.1333
6.133
6.1323
6.1346
6.1333
6.1338
6.1361
6.1305
6.1303
6.1307
6.1244
6.1291
6.1292
6.1276
6.1333
6.1322
6.1324
6.135
6.1332
6.1329
6.1336
6.1323
6.133
6.1329
6.1335
6.1306
6.1318
6.1318
6.1312
6.1335
6.1327
6.1327
6.1335
6.1309
6.1314
6.1316
6.1306
6.1329
6.1314
6.1316
6.1305
6.1334
6.1312
6.1314
6.133
6.1295
6.1308
6.1309
6.1286
6.132
6.1295
6.1296
6.1307
6.128
6.13
6.1298
6.1314
6.1272
6.1285
6.1286
6.1298
6.1272
6.1291
6.1292
6.1283
6.1334
6.1317
6.1315
6.1309
6.1353
6.1324
6.1326
6.134
6.1295
6.1308
6.1307
6.133
6.1316
6.1316
6.1334
6.1254
6.1265
6.1264
6.1286
6.1257
6.1265
6.1264
6.1255
6.1273
6.1266
6.1271
6.1272
6.1228
6.1234
6.1238
6.1245
6.1208
6.1214
6.1217
6.1208
6.1233
6.1223
6.1226
6.1234
6.1195
6.1221
6.1222
6.1216
6.1243
6.123
6.1232
6.1227
6.1261
6.1258
6.1257
6.1247
6.1268
6.126
6.1261
6.1247
6.1276
6.1274
6.1271
6.1264
6.1299
6.1296
6.1278
6.1304
6.1296
6.1298
6.1279
6.1335
6.1323
6.1326
6.1321
6.1357
6.1352
6.1356
6.1365
6.1325
6.1344
6.1343
6.135
6.1309
6.1322
6.1319
6.1309
6.1344
6.1334
6.1336
6.1341
6.1292
6.1302
6.1305
6.128
6.1314
6.13
6.1302
6.1318
6.1223
6.1247
6.1249
6.1242
6.1273
6.1272
6.1273
6.1258
6.1283
6.1276
6.1277
6.1285
6.1241
6.1263
6.1266
6.1259
6.1286
6.127
6.1273
6.1272
6.1307
6.1285
6.1287
6.1291
6.1267
6.128
6.1278
6.1272
6.1326
6.1316
6.1319
6.1331
6.1306
6.131
6.1308
6.1315
6.1294
6.1298
6.1296
6.131
6.1279
6.1284
6.128
6.1278
6.1327
6.1324
6.1321
6.1336
6.1297
6.1308
6.131
6.1311
6.1293
6.1299
6.1299
6.1307
6.1276
6.1284
6.1281
6.1274
6.1317
6.1308
6.1309
6.1322
6.1303
6.1309
6.1312
6.1311
6.1335
6.1328
6.133
6.1302
6.1306
6.1309
6.1314
6.1288
6.1287
6.1286
6.1307
6.1294
6.1297
6.1309
6.1289
6.13
6.1301
6.1287
6.1307
6.1304
6.1302
6.1307
6.1288
6.1291
6.129
6.1286
6.1307
6.129
6.1293
6.1304
6.1282
6.1296
6.1294
6.1299
6.1258
6.1262
6.1265
6.1254
6.1285
6.1274
6.1278
6.1285
6.1246
6.1262
6.126
6.1264
6.1234
6.1244
6.1246
6.1252
6.1218
6.1224
6.1221
6.1234
6.1196
6.1198
6.12
6.1152
6.1186
6.1181
6.1186
6.1103
6.1132
6.1132
6.1116
6.1138
6.1133
6.1132
6.1131
6.1154
6.1146
6.115
6.1133
6.1172
6.1158
6.116
6.1169
6.1137
6.1161
6.1162
6.1148
6.1175
6.1166
6.1168
6.1182
6.1158
6.1163
6.1165
6.1172
6.1146
6.1153
6.1155
6.115
6.1176
6.1175
6.1173
6.1191
6.1168
6.1174
6.1176
6.1182
6.1161
6.1164
6.1161
6.1158
6.1202
6.1196
6.1198
6.119
6.1218
6.1213
6.1213
6.1219
6.1201
6.1218
6.1215
6.1232
6.1175
6.1182
6.118
6.1172
6.1206
6.1204
6.1203
6.1218
6.1172
6.1184
6.1181
6.1196
6.1172
6.1174
6.1176
6.1175
6.1202
6.12
6.1201
6.1222
6.1195
6.1202
6.1202
6.1197
6.1215
6.1209
6.1209
6.1197
6.122
6.1208
6.1206
6.1193
6.1219
6.1211
6.1213
6.1219
6.1195
6.12
6.1202
6.1194
6.1225
6.1222
6.1221
6.1216
6.124
6.1237
6.1235
6.1235
6.1219
6.1228
6.123
6.1219
6.125
6.1247
6.1247
6.1249
6.1216
6.1227
6.1228
6.1237
6.1214
6.1224
6.1223
6.1234
6.1208
6.1215
6.1217
6.1208
6.1234
6.1233
6.1231
6.1224
6.1243
6.1226
6.1227
6.1234
6.1207
6.1217
6.122
6.1228
6.1204
6.1216
6.1213
6.1231
6.1226
6.1228
6.1226
6.1245
6.1235
6.1233
6.1244
6.121
6.1223
6.1221
6.1235
6.12
6.1218
6.1217
6.1206
6.123
6.1222
6.1226
6.1231
6.1216
6.1217
6.1221
6.121
6.1241
6.1228
6.1227
6.1228
6.1188
6.1195
6.1196
6.1191
6.1213
6.1195
6.1198
6.1204
6.1187
6.1202
6.1197
6.1206
6.118
6.1186
6.1184
6.119
6.1177
6.1179
6.1186
6.1142
6.1156
6.1154
6.1146
6.1174
6.1164
6.1162
6.1172
6.1127
6.1133
6.1134
6.1159
6.1125
6.1136
6.114
6.1129
6.1151
6.115
6.1147
6.1125
6.113
6.1134
6.1036
6.1046
6.1048
6.1039
6.1079
6.1073
6.1075
6.1081
6.1043
6.1052
6.105
6.106
6.102
6.1038
6.1035
6.1032
6.1104
6.1089
6.109
6.1082
6.1138
6.1138
6.1137
6.1118
6.115
6.1124
6.1133
6.1143
6.1112
6.1112
6.1118
6.1136
6.1103
6.1111
6.1109
6.1122
6.1089
6.1112
6.1112
6.1108
6.1229
6.1221
6.1225
6.1217
6.1257
6.1226
6.1229
6.1198
6.1232
6.1222
6.1218
6.1203
6.125
6.1219
6.1215
6.1225
6.1191
6.1197
6.1198
6.1202
6.1171
6.1174
6.1173
6.1198
6.1162
6.117
6.1167
6.1184
6.1154
6.1172
6.1172
6.1178
6.1106
6.1108
6.1113
6.1105
6.1134
6.1131
6.113
6.1139
6.1118
6.1137
6.1135
6.113
6.1179
6.1177
6.1175
6.1225
6.1219
6.1217
6.1229
6.1198
6.12
6.1208
6.1178
6.1198
6.1195
6.1198
6.1145
6.1148
6.1149
6.1278
6.1136
6.1184
6.1193
6.1174
6.1223
6.1191
6.1184
6.128
6.1182
6.1196
6.1201
6.1256
6.1162
6.1203
6.1204
6.1205
6.1115
6.1163
6.1165
6.1181
6.1084
6.1121
6.112
6.1194
6.1095
6.1154
6.1149
6.1099
6.1193
6.1144
6.1143
6.1184
6.1095
6.1124
6.1129
6.117
6.108
6.1111
6.1115
6.1165
6.1076
6.1121
6.1119
6.1175
6.1082
6.1112
6.1067
6.1017
6.12
6.1116
6.1118
6.1214
6.1033
6.1096
6.1091
6.1181
6.0984
6.106
6.1058
6.0973
6.1171
6.107
6.1068
6.1156
6.0977
6.1076
6.1173
6.0993
6.108
6.1078
6.116
6.0983
6.106
6.1058
6.0965
6.1146
6.1026
6.1023
6.0938
6.1137
6.1016
6.1007
6.1096
6.0923
6.1035
6.1038
6.1082
6.0989
6.103
6.1033
6.1139
6.0958
6.1026
6.1023
6.1079
6.0875
6.0965
6.0968
6.1077
6.0901
6.1006
6.1003
6.099
6.1016
6.099
6.0993
6.0902
6.1084
6.0999
6.0998
6.1107
6.0922
6.102
6.1023
6.094
6.1138
6.104
6.1043
6.1133
6.0953
6.103
6.1033
6.1136
6.0954
6.1046
6.1041
6.1137
6.0953
6.103
6.1033
6.0956
6.1141
6.103
6.1033
6.1132
6.0951
6.103
6.1028
6.1112
6.0932
6.1027
6.0929
6.1026
6.1023
6.1114
6.0935
6.102
6.1018
6.1135
6.095
6.104
6.1035
6.112
6.0941
6.103
6.1033
6.1091
6.0999
6.1045
6.1043
6.1091
6.1005
6.1046
6.1048
6.115
6.0971
6.104
6.1043
6.1165
6.0983
6.1066
6.1068
6.1167
6.0985
6.1076
6.1073
6.1161
6.0981
6.1066
6.1063
6.1155
6.0975
6.1066
6.1068
6.1161
6.0982
6.106
6.1063
6.1144
6.0964
6.1049
6.1048
6.0971
6.117
6.1055
6.1052
6.1171
6.0989
6.107
6.1073
6.1172
6.0993
6.1066
6.1063
6.1164
6.0984
6.1055
6.1058
6.1155
6.0975
6.1055
6.1156
6.0977
6.106
6.1058
6.1168
6.0988
6.106
6.1063
6.1169
6.0989
6.1066
6.1068
6.1165
6.0986
6.1066
6.1061
6.1155
6.0975
6.1055
6.1052
6.1049
6.1066
6.1066
6.1063
6.1118
6.1028
6.1067
6.1066
6.1115
6.1026
6.1066
6.1064
6.1113
6.0968
6.104
6.1038
6.1143
6.0964
6.104
6.1038
6.1137
6.0957
6.1035
6.1033
6.114
6.0961
6.1035
6.1038
6.1147
6.0968
6.1046
6.1051
6.1151
6.0971
6.1046
6.1048
6.1147
6.0968
6.104
6.1038
6.104
6.103
6.1035
6.1041
6.1147
6.0968
6.1046
6.1051
6.1139
6.0971
6.1049
6.1151
6.0971
6.1049
6.1048
6.1148
6.0969
6.1049
6.1048
6.1147
6.0968
6.1049
6.1048
6.1147
6.0968
6.1046
6.1048
6.1139
6.097
6.1049
6.1052
6.0967
6.1157
6.107
6.1073
6.1174
6.0995
6.1076
6.1073
6.1128
6.1042
6.1085
6.1087
6.1141
6.1048
6.1093
6.1056
6.1216
6.1035
6.113
6.1128
6.1116
6.1214
6.1119
6.1123
6.1217
6.1038
6.1119
6.1118
6.1231
6.1052
6.113
6.1133
6.1236
6.1057
6.114
6.1137
6.1225
6.1048
6.113
6.1123
6.1197
6.1009
6.109
6.1088
6.1086
6.109
6.109
6.1088
6.1086
6.109
6.1086
6.1088
6.1185
6.1009
6.109
6.1088
6.1175
6.0996
6.1076
6.1073
6.117
6.0991
6.1076
6.1078
6.1171
6.0991
6.107
6.1068
6.1167
6.0982
6.1076
6.1073
6.1166
6.0987
6.1076
6.1073
6.1163
6.0974
6.1055
6.1157
6.0983
6.106
6.1063
6.1168
6.0994
6.1066
6.1063
6.1125
6.1033
6.1076
6.1077
6.1128
6.1042
6.1081
6.1031
6.1164
6.0984
6.1066
6.1068
6.1167
6.0989
6.107
6.1073
6.1076
6.1066
6.1063
6.1158
6.0979
6.106
6.1055
6.1161
6.0982
6.1066
6.1063
6.1157
6.0978
6.106
6.1058
6.1148
6.0968
6.1049
6.1048
6.1141
6.0961
6.1046
6.1139
6.0956
6.104
6.1043
6.1141
6.0961
6.1049
6.1052
6.1144
6.0967
6.1049
6.1048
6.1145
6.0964
6.1046
6.1048
6.1137
6.0956
6.104
6.1038
6.1141
6.0961
6.1046
6.1048
6.1153
6.0974
6.1055
6.1058
6.1144
6.0964
6.1046
6.1051
6.1157
6.0975
6.107
6.1068
6.1086
6.0893
6.108
6.1078
6.108
6.0905
6.0902
6.0899
6.0903
6.0883
6.0886
6.0889
6.0886
6.0889
6.0889
6.0903
6.0889
6.0903
6.0901
6.0898
6.0892
6.0886
6.0884
6.0883
6.0885
6.089
6.0889
6.0893
6.088
6.0885
6.089
6.0885
6.089
6.0888
6.0886
6.0889
6.0891
6.0889
6.0891
6.0896
6.09
6.0896
6.09
6.0894
6.0887
6.0891
6.0895
6.0891
6.0895
6.0897
6.0899
6.0897
6.0899
