4.0416
4.0429
4.0425
4.0425
4.0452
4.0415
4.042
4.042
4.0454
4.04
4.0451
4.0452
4.0466
4.0438
4.0455
4.0455
4.0434
4.0456
4.0448
4.0445
4.0434
4.0456
4.0455
4.0455
4.0436
4.0456
4.0451
4.0451
4.0452
4.0436
4.0442
4.0442
4.0435
4.0451
4.0444
4.044
4.0451
4.0432
4.045
4.045
4.0451
4.0433
4.045
4.045
4.0451
4.0434
4.045
4.0446
4.0451
4.043
4.045
4.045
4.0451
4.043
4.045
4.045
4.0451
4.0433
4.0441
4.0441
4.0433
4.0451
4.0451
4.0451
4.0432
4.0442
4.0442
4.0451
4.0426
4.0451
4.0451
4.0432
4.0443
4.0443
4.044
4.0458
4.0451
4.0451
4.044
4.0467
4.0456
4.0455
4.0464
4.0446
4.0455
4.0455
4.0468
4.0441
4.0458
4.0458
4.0464
4.0431
4.0447
4.0447
4.0447
4.0472
4.0463
4.0462
4.0485
4.0449
4.0459
4.0459
4.0451
4.0468
4.0461
4.0461
4.0468
4.0415
4.0432
4.0432
4.0438
4.0424
4.0432
4.0432
4.0439
4.0415
4.0423
4.0423
4.0443
4.0404
4.0412
4.0412
4.0415
4.0391
4.0396
4.0396
4.0372
4.0409
4.0403
4.0403
4.0383
4.0423
4.0401
4.0399
4.038
4.0421
4.0395
4.0395
4.0378
4.0413
4.0396
4.0381
4.0378
4.0417
4.0408
4.0408
4.0427
4.0366
4.037
4.037
4.0366
4.0396
4.0381
4.0383
4.0385
4.0343
4.0344
4.0344
4.0338
4.0362
4.0349
4.0349
4.0368
4.0333
4.0351
4.0351
4.0352
4.0268
4.0321
4.0321
4.0328
4.0223
4.0284
4.0284
4.0282
4.033
4.0327
4.0327
4.033
4.0312
4.0323
4.0323
4.0333
4.0292
4.0308
4.0305
4.0324
4.0289
4.0308
4.0308
4.0315
4.0294
4.0303
4.0302
4.0287
4.0326
4.03
4.0304
4.032
4.029
4.0307
4.0308
4.0327
4.0294
4.0302
4.0302
4.0322
4.028
4.0283
4.0283
4.0273
4.0297
4.0279
4.0279
4.0299
4.026
4.0292
4.0292
4.0286
4.0305
4.0305
4.0293
4.0307
4.0304
4.0304
4.0285
4.0292
4.0292
4.0285
4.0303
4.0301
4.0303
4.0291
4.0314
4.0303
4.0303
4.0283
4.0312
4.03
4.03
4.0277
4.0306
4.0306
4.0333
4.0296
4.0321
4.0321
4.0325
4.0295
4.0295
4.0295
4.0294
4.0321
4.0299
4.0299
4.0299
4.0318
4.0305
4.0305
4.0319
4.0243
4.0269
4.0269
4.0259
4.028
4.0272
4.0272
4.0294
4.0244
4.0273
4.0273
4.0275
4.0264
4.0266
4.0269
4.0274
4.0237
4.0246
4.0246
4.0225
4.0251
4.0238
4.0238
4.026
4.0213
4.0213
4.0209
4.0242
4.0226
4.0226
4.0209
4.0211
4.0211
4.0222
4.0167
4.0219
4.0219
4.0224
4.0201
4.0203
4.0202
4.0212
4.0177
4.0182
4.0182
4.0183
4.0119
4.0124
4.0124
4.0152
4.0118
4.0131
4.0131
4.0132
4.0111
4.0122
4.0122
4.0104
4.0128
4.0124
4.0121
4.0125
4.0071
4.0072
4.0072
4.0036
4.0075
4.0064
4.0064
4.0071
4.0048
4.005
4.005
4.0079
4.0064
4.0064
4.0079
4.0023
4.0036
4.0036
4.0011
4.0055
4.0048
4.0048
4.0062
4.0022
4.0024
4.0024
4.002
4.005
4.0037
4.0037
4.0027
4.0065
4.0055
4.0054
4.0055
4.0021
4.0031
4.0031
4.0047
4.001
4.0039
4.0039
4.005
4.0017
4.0022
4.0022
4.0023
3.9988
4.0016
4.0016
4.0005
4.0026
4.0017
4.0017
4.0027
3.9999
4.0018
4.0018
4.0037
3.9999
4.0003
4.0003
4.0003
3.9977
3.9995
4.0008
3.9951
3.9985
3.9985
3.9991
3.9956
3.997
3.997
3.9979
3.9956
3.996
3.996
3.9956
3.9983
3.9969
3.9969
3.9974
3.9938
3.9963
3.9963
3.9983
3.9942
3.9961
3.9961
3.9978
3.9907
3.9936
3.993
3.994
3.9898
3.9898
3.9905
3.9885
3.9899
3.9899
3.992
3.9868
3.9885
3.9885
3.9887
3.9871
3.9874
3.9876
3.9891
3.9863
3.9884
3.9884
3.9885
3.9816
3.9838
3.9838
3.9843
3.9769
3.9802
3.9802
3.9787
3.9827
3.982
3.982
3.9856
3.9815
3.9842
3.9842
3.9848
3.9805
3.9805
3.9805
3.9804
3.9842
3.9832
3.9832
3.9868
3.982
3.9821
3.9821
3.982
3.9858
3.9847
3.9847
3.9843
3.989
3.9885
3.9885
3.9868
3.9888
3.9886
3.9886
3.9881
3.9934
3.9924
3.9924
3.9944
3.9904
3.992
3.992
3.9981
3.9976
3.9977
3.997
3.9995
3.9978
3.998
3.9996
3.9958
3.9967
3.9967
3.9976
3.9944
3.9964
3.9964
3.9952
3.9984
3.997
3.9971
3.9985
3.9951
3.9965
3.9965
3.9983
3.9948
3.9965
3.9965
3.9957
3.9991
3.998
3.9997
3.9998
3.9958
3.9966
3.9968
3.9946
3.9984
3.9975
3.9975
3.9956
3.9982
3.9967
3.9967
3.9983
3.9956
3.9975
3.9975
3.997
3.9982
3.9971
3.9971
3.9989
3.996
3.9974
3.9975
3.999
3.9961
3.997
3.997
3.9983
3.9969
3.9972
3.9972
3.9983
3.9968
3.9974
3.9974
3.9983
3.9968
3.9971
3.9971
3.9986
3.9948
3.9948
3.9953
3.9938
3.9944
3.9944
3.9953
3.9936
3.9936
3.996
3.9924
3.9946
3.9947
3.9935
3.9961
3.996
3.996
3.9959
3.9975
3.9972
3.9973
3.9986
3.997
3.9978
3.9978
4.0001
3.9968
3.9985
3.9985
3.9965
4.0004
3.9985
3.9985
4.0001
3.9959
3.9978
3.9978
3.9997
3.9947
3.9948
3.9948
3.9948
3.9915
3.9915
3.9906
3.9944
3.9925
3.9925
3.9931
3.9845
3.9863
3.9863
3.9852
3.9884
3.987
3.987
3.9852
3.9872
3.9869
3.9869
3.9883
3.9845
3.9848
3.9849
3.9844
3.9868
3.986
3.9861
3.9877
3.9849
3.9864
3.9864
3.9855
3.9884
3.9865
3.9867
3.9845
3.9904
3.9869
3.9868
3.9876
3.9854
3.9862
3.986
3.9871
3.985
3.9859
3.9867
3.9857
3.989
3.9886
3.9885
3.9894
3.9879
3.9887
3.9887
3.9891
3.9861
3.9875
3.9875
3.9858
3.9919
3.9913
3.9919
3.99
3.991
3.991
3.9914
3.9873
3.9877
3.9877
3.9916
3.9872
3.9881
3.9881
3.99
3.9861
3.9876
3.9878
3.9879
3.9859
3.9869
3.9869
3.9878
3.9855
3.9865
3.9865
3.9867
3.9849
3.9857
3.9857
3.9845
3.9893
3.9873
3.9873
3.9895
3.9861
3.9878
3.9875
3.9861
3.9898
3.9883
3.9883
3.9865
3.9902
3.9883
3.9883
3.99
3.9857
3.9871
3.9871
3.9855
3.9895
3.9885
3.9885
3.99
3.9844
3.9879
3.9879
3.9871
3.9919
3.9901
3.9901
3.9885
3.9926
3.9904
3.9904
3.9914
3.9881
3.989
3.989
3.9904
3.987
3.9875
3.9875
3.9865
3.9895
3.9885
3.9885
3.9868
3.9903
3.9885
3.9885
3.9903
3.9862
3.9879
3.9879
3.9899
3.9839
3.9863
3.9863
3.9872
3.985
3.9864
3.9864
3.9869
3.9827
3.9854
3.9854
3.9817
3.9858
3.985
3.985
3.9871
3.9846
3.986
3.986
3.9864
3.9847
3.9855
3.9855
3.985
3.9865
3.9853
3.9853
3.983
3.9838
3.9838
3.9829
3.9849
3.9845
3.9845
3.9838
3.9852
3.9845
3.9845
3.9834
3.9874
3.9845
3.9845
3.9852
3.984
3.9847
3.9847
3.9845
3.9878
3.9852
3.9854
3.985
3.989
3.9875
3.9875
3.9865
3.9902
3.9896
3.9896
3.9898
3.985
3.9865
3.9865
3.9876
3.9859
3.9861
3.9861
3.9861
3.9855
3.986
3.9857
3.9862
3.9855
3.986
3.986
3.9854
3.9869
3.986
3.986
3.9869
3.9856
3.9862
3.9862
3.9869
3.9855
3.9862
3.986
3.9859
3.9865
3.9863
3.9863
3.9864
3.9859
3.986
3.986
3.9876
3.9858
3.9868
3.9868
3.9877
3.9862
3.9866
3.9866
3.9862
3.9884
3.9862
3.9862
3.986
3.9871
3.9865
3.9865
3.9877
3.9858
3.9859
3.9859
3.9867
3.9855
3.9858
3.9858
3.9867
3.9856
3.9856
3.9852
3.9872
3.9858
3.9862
3.9872
3.984
3.9855
3.9859
3.9847
3.9854
3.9858
3.9847
3.9899
3.9879
3.987
3.9898
3.988
3.9878
3.9898
3.9871
3.988
3.988
3.9867
3.9899
3.988
3.9883
3.9865
3.9896
3.9875
3.9877
3.9871
3.99
3.9881
3.9881
3.9867
3.9899
3.988
3.988
3.9893
3.9869
3.9886
3.9889
3.9868
3.9901
3.9891
3.989
3.9873
3.99
3.9885
3.9885
3.9899
3.9868
3.988
3.988
3.9898
3.9868
3.9879
3.9879
3.9865
3.9897
3.9879
3.9868
3.9897
3.9868
3.9882
3.9883
3.99
3.9867
3.9884
3.9894
3.9899
3.9866
3.9884
3.9884
3.99
3.9867
3.9881
3.9881
3.9865
3.9899
3.9883
3.9893
3.9866
3.9899
3.9884
3.9884
3.9863
3.99
3.9875
3.9875
3.9895
3.9867
3.9877
3.9877
3.9894
3.9864
3.9881
3.9874
3.9894
3.9862
3.9876
3.9876
3.9857
3.9884
3.9872
3.9866
3.988
3.9858
3.9869
3.9869
3.9882
3.9857
3.987
3.987
3.9856
3.9884
3.9868
3.9875
3.9884
3.9856
3.9875
3.9875
3.9856
3.9884
3.9869
3.9869
3.9878
3.9863
3.9875
3.9875
3.9857
3.9884
3.9869
3.9869
3.9882
3.9857
3.9872
3.9866
3.9856
3.9882
3.9867
3.9867
3.9881
3.9857
3.9871
3.9866
3.9879
3.9857
3.9868
3.9862
3.9856
3.9882
3.9872
3.987
3.9883
3.986
3.9869
3.9866
3.9854
3.9881
3.9868
3.9858
3.9881
3.9856
3.987
3.9862
3.9855
3.9882
3.9871
3.9871
3.9882
3.9858
3.9867
3.9867
3.9881
3.9852
3.9865
3.9878
3.988
3.9852
3.9865
3.9865
3.9852
3.9882
3.9865
3.9865
3.9878
3.9852
3.9868
3.9873
3.9875
3.9858
3.9862
3.9863
3.9861
3.9878
3.9873
3.9873
3.9859
3.9879
3.987
3.987
3.9882
3.9861
3.987
3.9865
3.9879
3.9858
3.9864
3.9864
3.9868
3.9855
3.986
3.9866
3.9855
3.9869
3.9861
3.9861
3.9855
3.987
3.9863
3.9863
3.9871
3.9857
3.9863
3.9859
3.9871
3.9855
3.9861
3.9861
3.9869
3.985
3.9856
3.9856
3.9841
3.9864
3.9855
3.9855
3.9863
3.9839
3.9851
3.9846
3.9865
3.9841
3.9831
3.9856
3.983
3.9845
3.984
3.9857
3.9832
3.9842
3.9835
3.9856
3.9828
3.984
3.984
3.9855
3.9827
3.9841
3.9841
3.9827
3.9855
3.9844
3.9855
3.9856
3.9828
3.9841
3.9841
3.9827
3.9857
3.9841
3.9841
3.9859
3.9826
3.9842
3.9842
3.9826
3.9854
3.984
3.9829
3.9827
3.9856
3.9843
3.9843
3.9828
3.9857
3.9843
3.9836
3.9828
3.9858
3.9842
3.9835
3.9857
3.9827
3.9839
3.9839
3.9827
3.9855
3.9842
3.9855
3.9827
3.9858
3.9844
3.9844
3.9858
3.9829
3.9843
3.9842
3.9858
3.9829
3.984
3.984
3.9853
3.9825
3.9839
