0.6423
0.6422
0.6423
0.6423
0.6424
0.6423
0.6423
0.6423
0.6423
0.6423
0.6423
0.6422
0.6423
0.6423
0.6424
0.6423
0.6423
0.6423
0.6423
0.6424
0.6423
0.6423
0.6424
0.6423
0.6423
0.6423
0.6424
0.6424
0.6423
0.6423
0.6424
0.6424
0.6423
0.6424
0.6424
0.6424
0.6424
0.6424
0.6424
0.6424
0.6424
0.6425
0.6425
0.6428
0.6426
0.6426
0.6425
0.6425
0.6424
0.6424
0.6425
0.6424
0.6425
0.6425
0.6425
0.6425
0.6426
0.6426
0.6426
0.6427
0.6426
0.6428
0.6428
0.6428
0.6428
0.6428
0.6429
0.6428
0.6428
0.6428
0.6428
0.6427
0.6426
0.6427
0.6426
0.6426
0.6426
0.6426
0.6426
0.6426
0.6425
0.6426
0.6425
0.6426
0.6425
0.6424
0.6425
0.6425
0.6424
0.6423
0.6423
0.6423
0.6424
0.6424
0.6423
0.6424
0.6423
0.6424
0.6423
0.6424
0.6423
0.6424
0.6425
0.6425
0.6425
0.6425
0.6425
0.6425
0.6425
0.6425
0.6424
0.6423
0.6424
0.6424
0.6424
0.6424
0.6423
0.6424
0.6423
0.6423
0.6422
0.6422
0.6422
0.6422
0.6422
0.6422
0.6422
0.6422
0.6422
0.6422
0.6424
0.6424
0.6424
0.6424
0.6425
0.6425
0.6425
0.6424
0.6424
0.6424
0.6424
0.6424
0.6424
0.6424
0.6423
0.6424
0.6423
0.6422
0.6423
0.6422
0.6422
0.6422
0.6422
0.6423
0.6423
0.6423
0.6423
0.6423
0.6423
0.6423
0.6423
0.6422
0.6423
0.6423
0.6423
0.6423
0.6423
0.6423
0.6423
0.6424
0.6425
0.6425
0.6425
0.6425
0.6425
0.6424
0.6424
0.6424
0.6424
0.6423
0.6423
0.6423
0.6423
0.6423
0.6423
0.6423
0.6424
0.6423
0.6424
0.6423
0.6424
0.6424
0.6423
0.6423
0.6424
0.6422
0.6423
0.6423
0.6421
0.6423
0.6422
0.6423
0.6423
0.6422
0.6422
0.6422
0.6422
0.6423
0.6423
0.6421
0.6416
0.6418
0.6417
0.6417
0.6417
0.6417
0.6416
0.6416
0.6418
0.6417
0.6416
0.6416
0.6417
0.6417
0.6418
0.6418
0.6416
0.6416
0.6417
0.6416
0.6416
0.6416
0.6416
0.6417
0.6416
0.6417
0.6416
0.6417
0.6416
0.6416
0.6418
0.6418
0.6418
0.6419
0.6417
0.6416
0.6416
0.6414
0.6415
0.6414
0.6414
0.6413
0.6414
0.641
0.641
0.6409
0.641
0.641
0.641
0.6411
0.641
0.6411
0.6411
0.641
0.641
0.6411
0.6412
0.6413
0.6412
0.6412
0.6412
0.6411
0.6411
0.6411
0.6411
0.6412
0.6412
0.6412
0.6413
0.6412
0.6412
0.6411
0.6412
0.641
0.6411
0.6411
0.6409
0.641
0.641
0.6409
0.6408
0.6409
0.6409
0.6409
0.641
0.6409
0.641
0.6409
0.6411
0.6411
0.641
0.641
0.641
0.641
0.641
0.641
0.641
0.6411
0.641
0.641
0.641
0.641
0.641
0.6411
0.6411
0.6411
0.6411
0.6411
0.6412
0.6411
0.6412
0.6411
0.6411
0.6412
0.6411
0.6412
0.6412
0.6412
0.6412
0.6413
0.6413
0.6414
0.6413
0.6413
0.6413
0.6413
0.6412
0.6414
0.6415
0.6415
0.6414
0.6415
0.6414
0.6414
0.6412
0.6412
0.6412
0.6414
0.6411
0.6411
0.641
0.641
0.6411
0.641
0.6412
0.6411
0.6412
0.6412
0.6412
0.6412
0.6412
0.6414
0.6415
0.6415
0.6414
0.6415
0.6415
0.6415
0.6414
0.6414
0.6415
0.6415
0.6414
0.6415
0.6415
0.6416
0.6416
0.6418
0.6418
0.6418
0.6418
0.6419
0.6417
0.6416
0.6416
0.6417
0.6417
0.6416
0.6418
0.642
0.6422
0.6424
0.6423
0.6422
0.6422
0.6421
0.642
0.6421
0.6422
0.6423
0.6421
0.642
0.642
0.6421
0.642
0.6418
0.6419
0.642
0.642
0.642
0.6419
0.6419
0.6419
0.642
0.6419
0.6419
0.6419
0.6418
0.6419
0.6418
0.6419
0.6418
0.6418
0.6418
0.6422
0.6421
0.6424
0.6422
0.642
0.6421
0.6421
0.6421
0.642
0.6419
0.6421
0.6419
0.6419
0.6416
0.6416
0.6416
0.6414
0.6415
0.6415
0.6416
0.6416
0.6417
0.6417
0.6419
0.6419
0.6419
0.642
0.642
0.6421
0.6423
0.6422
0.6423
0.6422
0.6423
0.6427
0.6428
0.6427
0.6427
0.6425
0.6427
0.6423
0.6423
0.6424
0.642
0.642
0.642
0.6421
0.6421
0.6419
0.642
0.642
0.642
0.6422
0.6421
0.6421
0.6423
0.6425
0.6426
0.6423
0.6424
0.6422
0.6423
0.6424
0.6426
0.6424
0.6423
0.6421
0.6421
0.6424
0.6424
0.6424
0.6425
0.6425
0.6425
0.6425
0.6424
0.6424
0.6423
0.6423
0.6423
0.6422
0.6423
0.6422
0.6423
0.6422
0.6423
0.6422
0.6423
0.6422
0.6422
0.6419
0.6419
0.642
0.6419
0.6418
0.6418
0.6417
0.6417
0.6416
0.6414
0.6415
0.6409
0.6409
0.6404
0.6405
0.6407
0.6406
0.6407
0.6408
0.6409
0.6409
0.6407
0.641
0.6408
0.6408
0.6408
0.6409
0.641
0.641
0.641
0.641
0.6409
0.6412
0.6412
0.6413
0.6414
0.6413
0.6413
0.6414
0.6413
0.6411
0.641
0.6412
0.6413
0.6412
0.641
0.6411
0.641
0.641
0.6412
0.6413
0.6414
0.6413
0.6414
0.6413
0.6413
0.6412
0.6413
0.6413
0.6413
0.6413
0.6413
0.6414
0.6415
0.6414
0.6415
0.6415
0.6415
0.6416
0.6414
0.6416
0.6414
0.6415
0.6416
0.6415
0.6416
0.6415
0.6416
0.6414
0.6415
0.6414
0.6415
0.6416
0.6416
0.6415
0.6413
0.6413
0.6415
0.6415
0.6415
0.6415
0.6416
0.6414
0.6412
0.6412
0.6411
0.6412
0.6411
0.641
0.6407
0.6408
0.6408
0.6405
0.6405
0.6406
0.6405
0.6405
0.6406
0.6405
0.6397
0.6399
0.6399
0.6397
0.6394
0.6395
0.64
0.64
0.6403
0.6405
0.6405
0.6406
0.6404
0.6402
0.6408
0.6413
0.6415
0.6416
0.6416
0.6414
0.6415
0.6417
0.6414
0.6412
0.6411
0.6411
0.6411
0.6409
0.6408
0.6409
0.6409
0.6404
0.6404
0.6406
0.6405
0.6409
0.6411
0.6414
0.6415
0.6414
0.6413
0.6411
0.6408
0.6412
0.6414
0.6413
0.6416
0.6416
0.6413
0.6408
0.6405
0.6406
0.6408
0.6407
0.6406
0.6406
0.6407
0.6404
0.6404
0.6406
0.6403
0.6405
0.6399
0.64
0.6399
0.6401
0.64
0.64
0.6401
0.6401
0.6399
0.6398
0.6397
0.6393
0.6394
0.6394
0.6397
0.6396
0.6396
0.6398
0.6394
0.6389
0.6392
0.6393
0.6393
0.6391
0.6393
0.6394
0.6395
0.6396
0.6397
0.6398
0.6397
0.6397
0.6396
0.6398
0.6397
0.6397
0.6397
0.6396
0.6394
0.6394
0.6395
0.6395
0.6395
0.6396
0.6396
0.6395
0.6396
0.6397
0.6398
0.6397
0.6398
0.6398
0.6398
0.6398
0.64
0.64
0.64
0.64
0.6401
0.6399
0.6399
0.64
0.64
0.64
0.6398
0.64
0.6399
0.64
0.64
0.64
0.6399
0.6399
0.6398
0.6399
0.6399
0.64
0.6399
0.6399
0.64
0.64
0.6399
0.6399
0.6399
0.6399
0.64
0.64
0.6399
0.6398
0.6397
0.6397
0.6397
0.6397
0.6396
0.6397
0.6397
0.6396
0.6398
0.6398
0.6398
0.6398
0.6397
0.6397
0.6397
0.6397
0.6397
0.6398
0.6398
0.6398
0.6398
0.6398
0.6398
0.6398
0.6398
0.6398
0.6397
0.6398
0.6398
0.6398
0.64
0.6401
0.64
0.6402
0.6403
0.6402
0.6405
0.6406
0.6405
0.6405
0.6406
0.6407
0.6407
0.6408
0.6407
0.6406
0.6407
0.6403
0.6403
0.6402
0.6402
0.6402
0.6402
0.6402
0.6403
0.6402
0.6401
0.6401
0.6401
0.64
0.64
0.64
0.64
0.6399
0.6399
0.6399
0.6399
0.64
0.64
0.64
0.6399
0.64
0.64
0.6399
0.64
0.64
0.64
0.64
0.6399
0.64
0.6398
0.64
0.6399
0.6399
0.6398
0.6398
0.6397
0.6397
0.6397
0.6398
0.6398
0.6399
0.6398
0.6398
0.6397
0.6398
0.6398
0.6397
0.6398
0.6398
0.6398
0.6398
0.6398
0.6399
0.64
0.6402
0.6401
0.6402
0.6402
0.6401
0.6401
0.6401
0.6401
0.6403
0.6403
0.6403
0.6402
0.6402
0.6401
0.64
0.6401
0.6401
0.6401
0.6402
0.6401
0.6401
0.6401
0.6401
0.6401
0.6401
0.6401
0.6402
0.6402
0.6402
0.6402
0.6402
0.6402
0.6402
0.6403
0.6402
