9494.0
9494.0
9494.0
9494.0
9494.0
9494.0
9490.0
9492.0
9492.0
9490.0
9490.0
9490.0
9490.0
9492.0
9492.0
9492.0
9491.0
9492.0
9492.0
9492.0
9491.0
9492.0
9492.0
9482.0
9488.0
9488.0
9492.0
9491.0
9491.0
9495.0
9494.0
9494.0
9486.0
9486.0
9486.0
9492.0
9492.0
9492.0
9488.0
9488.0
9488.0
9484.0
9487.0
9487.0
9488.0
9485.0
9485.0
9485.0
9482.0
9482.0
9482.0
9478.0
9494.0
9494.0
9494.0
9490.0
9491.0
9491.0
9490.0
9494.0
9494.0
9494.0
9490.0
9492.0
9492.0
9490.0
9492.0
9492.0
9488.0
9488.0
9488.0
9484.0
9485.0
9485.0
9495.0
9495.0
9492.0
9496.0
9496.0
9496.0
9495.0
9496.0
9496.0
9492.0
9493.0
9493.0
9492.0
9496.0
9496.0
9496.0
9495.0
9496.0
9496.0
9492.0
9494.0
9494.0
9492.0
9494.0
9494.0
9492.0
9494.0
9494.0
9492.0
9492.0
9492.0
9492.0
9490.0
9491.0
9491.0
9490.0
9492.0
9492.0
9492.0
9490.0
9491.0
9491.0
9490.0
9491.0
9491.0
9490.0
9490.0
9491.0
9490.0
9491.0
9491.0
9490.0
9491.0
9491.0
9490.0
9491.0
9491.0
9490.0
9490.0
9490.0
9490.0
9490.0
9490.0
9491.0
9490.0
9491.0
9491.0
9490.0
9491.0
9490.0
9491.0
9490.0
9491.0
9491.0
9488.0
9488.0
9488.0
9491.0
9491.0
9491.0
9490.0
9491.0
9491.0
9490.0
9491.0
9491.0
9490.0
9491.0
9491.0
9490.0
9491.0
9491.0
9490.0
9491.0
9491.0
9490.0
9491.0
9491.0
9490.0
9491.0
9491.0
9491.0
9490.0
9491.0
9491.0
9490.0
9491.0
9491.0
9490.0
9491.0
9491.0
9490.0
9491.0
9491.0
9490.0
9491.0
9491.0
9492.0
9486.0
9488.0
9488.0
9488.0
9488.0
9486.0
9486.0
9486.0
9486.0
9491.0
9491.0
9491.0
9486.0
9487.0
9487.0
9486.0
9487.0
9488.0
9491.0
9491.0
9491.0
9490.0
9491.0
9491.0
9490.0
9491.0
9491.0
9490.0
9491.0
9491.0
9490.0
9491.0
9491.0
9490.0
9491.0
9491.0
9490.0
9491.0
9491.0
9490.0
9491.0
9491.0
9490.0
9491.0
9491.0
9490.0
9491.0
9491.0
9490.0
9491.0
9491.0
9490.0
9491.0
9491.0
9490.0
9491.0
9491.0
9490.0
9491.0
9491.0
9490.0
9491.0
9491.0
9490.0
9491.0
9491.0
9491.0
9491.0
9490.0
9491.0
9491.0
9490.0
9491.0
9491.0
9490.0
9491.0
9491.0
9490.0
9491.0
9491.0
9490.0
9491.0
9491.0
9490.0
9491.0
9491.0
9490.0
9491.0
9491.0
9490.0
9491.0
9491.0
9490.0
9491.0
9491.0
9490.0
9491.0
9491.0
9490.0
9491.0
9491.0
9490.0
9491.0
9491.0
9490.0
9491.0
9491.0
9490.0
9491.0
9491.0
9490.0
9491.0
9491.0
9490.0
9493.0
9493.0
9493.0
9492.0
9493.0
9493.0
9490.0
9491.0
9491.0
9490.0
9491.0
9491.0
9488.0
9489.0
9489.0
9488.0
9489.0
9489.0
9488.0
9489.0
9489.0
9482.0
9483.0
9483.0
9482.0
9483.0
9483.0
9486.0
9481.0
9482.0
9482.0
9481.0
9482.0
9482.0
9481.0
9485.0
9484.0
9484.0
9476.0
9476.0
9476.0
9476.0
9486.0
9486.0
9486.0
9490.0
9488.0
9488.0
9486.0
9486.0
9486.0
9490.0
9482.0
9483.0
9483.0
9478.0
9479.0
9479.0
9478.0
9479.0
9479.0
9483.0
9483.0
9481.0
9482.0
9482.0
9478.0
9479.0
9479.0
9478.0
9479.0
9478.0
9479.0
9478.0
9479.0
9478.0
9481.0
9481.0
9481.0
9478.0
9479.0
9479.0
9478.0
9479.0
9478.0
9478.0
9478.0
9481.0
9481.0
9478.0
9479.0
9479.0
9480.0
9476.0
9478.0
9478.0
9477.0
9478.0
9478.0
9477.0
9481.0
9481.0
9481.0
9477.0
9477.0
9478.0
9478.0
9478.0
9479.0
9477.0
9477.0
9477.0
9477.0
9477.0
9477.0
9477.0
9477.0
9477.0
9477.0
9479.0
9479.0
9479.0
9478.0
9479.0
9478.0
9479.0
9478.0
9479.0
9479.0
9478.0
9479.0
9479.0
9478.0
9479.0
9479.0
9478.0
9479.0
9479.0
9478.0
9479.0
9479.0
9476.0
9477.0
9477.0
9479.0
9474.0
9478.0
9478.0
9472.0
9475.0
9475.0
9473.0
9473.0
9474.0
9474.0
9474.0
9470.0
9470.0
9469.0
9470.0
9470.0
9469.0
9472.0
9472.0
9472.0
9474.0
9468.0
9468.0
9468.0
9474.0
9474.0
9474.0
9477.0
9477.0
9477.0
9478.0
9473.0
9474.0
9474.0
9473.0
9476.0
9476.0
9474.0
9476.0
9476.0
9474.0
9476.0
9476.0
9474.0
9476.0
9476.0
9474.0
9476.0
9476.0
9474.0
9476.0
9476.0
9474.0
9476.0
