55.2712
55.425
55.4175
55.42
55.4625
55.4325
55.4313
55.4325
55.405
55.415
55.415
55.4137
55.435
55.425
55.425
55.43
55.4075
55.41
55.41
55.415
55.385
55.3875
55.3875
55.405
55.385
55.4012
55.4025
55.405
55.395
55.4025
55.4013
55.4225
55.4225
55.4125
55.4425
55.43
55.43
55.435
55.425
55.435
55.4325
55.435
55.415
55.435
55.435
55.4512
55.45
55.45
55.445
55.4688
55.4662
55.47
55.455
55.4762
55.4662
55.4662
55.475
55.465
55.47
55.47
55.455
55.46
55.46
55.445
55.4463
55.4487
55.465
55.445
55.455
55.4525
55.455
55.435
55.44
55.4412
55.4375
55.4575
55.45
55.45
55.4613
55.445
55.4575
55.4575
55.4587
55.435
55.4338
55.435
55.4087
55.4113
55.4137
55.405
55.4162
55.415
55.415
55.425
55.415
55.4162
55.4175
55.405
55.415
55.415
55.405
55.42
55.4175
55.4163
55.425
55.4075
55.415
55.4162
55.4263
55.425
55.42
55.415
55.4325
55.4313
55.4325
55.4437
55.4388
55.4388
55.435
55.4463
55.445
55.4425
55.435
55.445
55.4437
55.44
55.455
55.43
55.4325
55.435
55.445
55.4425
55.4412
55.4437
55.425
55.425
55.425
55.43
55.415
55.42
55.4175
55.42
55.4175
55.4175
55.425
55.415
55.415
55.415
55.405
55.405
55.4075
55.4075
55.4075
55.4162
55.3875
55.39
55.39
55.365
55.365
55.3675
55.385
55.3575
55.3575
55.355
55.3325
55.3325
55.335
55.315
55.3488
55.325
55.325
55.305
55.3387
55.3375
55.335
55.36
55.355
55.355
55.34
55.385
55.385
55.385
55.4
55.375
55.385
55.385
55.375
55.375
55.3925
55.37
55.385
55.38
55.3812
55.375
55.3775
55.3775
55.3975
55.38
55.3812
55.3575
55.3575
55.3575
55.3587
55.34
55.35
55.35
55.355
55.335
55.3363
55.3363
55.335
55.35
55.3438
55.3425
55.365
55.35
55.3475
55.3575
55.335
55.35
55.35
55.36
55.345
55.345
55.3475
55.345
55.3563
55.345
55.3463
55.3538
55.325
55.33
55.3275
55.305
55.3375
55.335
55.3375
55.315
55.345
55.345
55.345
55.335
55.3575
55.355
55.355
55.38
55.345
55.3525
55.3525
55.3487
55.355
55.3525
55.355
55.3787
55.375
55.375
55.395
55.3887
55.3862
55.365
55.3725
55.3713
55.3675
55.385
55.385
55.385
55.375
55.3863
55.3825
55.38
55.375
55.3775
55.3763
55.375
55.3925
55.3875
55.385
55.4125
55.41
55.41
55.4137
55.4025
55.405
55.405
55.425
55.41
55.4075
55.4362
55.435
55.435
55.425
55.4375
55.435
55.4325
55.4375
55.425
55.4262
55.4275
55.435
55.425
55.425
55.425
55.4275
55.415
55.4163
55.4188
55.415
55.4263
55.4175
55.4175
55.4313
55.4137
55.4137
55.395
55.4
55.4
55.4075
55.385
55.3863
55.385
55.3988
55.3975
55.3975
55.425
55.405
55.405
55.4188
55.365
55.3662
55.3662
55.3838
55.375
55.3775
55.3625
55.365
55.365
55.3625
55.385
55.385
55.385
55.3913
55.365
55.365
55.3625
55.34
55.345
55.3462
55.345
55.355
55.35
55.35
55.345
55.3638
55.3525
55.35
55.36
55.345
55.355
55.3525
55.3475
55.3625
55.3575
55.36
55.3363
55.34
55.34
55.355
55.315
55.315
55.325
55.295
55.305
55.305
55.27
55.2687
55.255
55.285
55.285
55.305
55.3037
55.3037
55.3262
55.325
55.3275
55.31
55.3475
55.3363
55.3412
55.3575
55.335
55.335
55.335
55.3213
55.33
55.33
55.34
55.325
55.325
55.33
55.335
55.3162
55.325
55.325
55.315
55.3438
55.35
55.3425
55.3662
55.3638
55.3688
55.355
55.375
55.375
55.375
55.355
55.355
55.355
55.345
55.3662
55.3487
55.35
55.3512
55.325
55.33
55.33
55.3337
55.3225
55.3275
55.3275
55.3213
55.3475
55.3388
55.3375
55.3525
55.325
55.345
55.345
55.335
55.3425
55.3425
55.3775
55.375
55.365
55.395
55.385
55.385
55.3925
55.355
55.3613
55.3613
55.3425
55.365
55.3562
55.355
55.365
55.36
55.36
55.3538
55.365
55.3562
55.3562
55.3625
55.355
55.355
55.3525
55.3575
55.325
55.325
55.315
55.3325
55.325
55.3275
55.31
55.3138
55.3125
55.305
55.325
55.325
55.3088
55.3375
55.335
55.335
55.3325
55.3575
55.355
55.3575
55.335
55.3525
55.3537
55.345
55.36
55.345
55.345
55.355
55.3288
55.33
55.33
55.3438
55.3375
55.3375
55.34
55.325
55.3338
55.3288
55.335
55.3125
55.315
55.3175
55.295
55.295
55.3
55.3112
55.3075
55.3037
55.2962
55.3175
55.3112
55.3112
55.305
55.33
55.315
55.315
55.3425
55.34
55.3412
55.34
55.3575
55.35
55.3512
55.375
55.3625
55.3625
55.3462
55.355
55.355
55.3225
55.33
55.33
55.3
55.335
55.335
55.3375
55.345
55.295
55.295
55.265
55.28
55.285
55.32
55.315
55.315
55.3213
55.295
55.3088
55.31
55.305
55.33
55.3275
55.3262
55.3275
55.3025
55.305
55.3
55.315
55.31
55.31
55.305
55.315
55.315
55.315
55.28
55.285
