0.7077
0.7071
0.7078
0.7071
0.7078
0.7069
0.7069
0.7069
0.7072
0.7085
0.7072
0.7085
0.7093
0.7085
0.7085
0.708
0.708
0.708
0.7072
0.7085
0.7072
0.7085
0.7078
0.7072
0.7075
0.7076
0.7075
0.7076
0.7086
0.7098
0.7086
0.7098
0.7098
0.7077
0.7095
0.7085
0.7079
0.7075
0.7074
0.7082
0.7074
0.7082
0.7084
0.7085
0.7084
0.7085
0.7081
0.7087
0.7089
0.7084
0.7079
0.7085
0.7095
0.7085
0.7095
0.7085
0.7085
0.7085
0.7085
0.7085
0.7085
0.7071
0.7082
0.7071
0.7082
0.7089
0.7083
0.7079
0.7076
0.7077
0.7082
0.7077
0.7082
0.7077
0.7067
0.7078
0.7067
0.7078
0.7087
0.7078
0.7076
0.7083
0.7088
0.7083
0.7088
0.7084
0.7078
0.7082
0.7078
0.7082
0.7079
0.7077
0.7067
0.7078
0.7067
0.7078
0.7066
0.7074
0.7078
0.7074
0.7078
0.7076
0.7074
0.7074
0.7074
0.7074
0.7074
0.7074
0.7074
0.7074
