84.0
84.05
84.0
83.95
83.9
83.95
83.91
83.87
83.92
83.95
84.05
83.95
83.98
84.05
84.03
83.95
83.95
84.03
84.05
84.03
84.05
84.04
84.0
83.99
83.95
84.05
84.05
84.03
84.05
84.06
84.05
84.06
84.06
84.0
84.03
83.98
84.0
84.05
84.1
84.05
84.05
84.07
84.1
84.07
84.1
84.1
84.1
84.05
84.0
84.0
83.98
83.95
84.0
84.0
84.05
84.05
84.04
84.02
84.05
84.05
84.03
84.0
84.05
84.07
84.1
84.07
84.1
84.04
83.97
84.02
84.04
84.07
84.04
84.07
84.07
84.12
84.07
84.12
84.08
84.1
84.05
84.1
84.1
84.1
83.95
83.8
83.85
83.95
84.1
83.9
84.0
84.1
84.0
84.1
84.1
84.1
84.0
83.85
83.97
84.1
83.97
84.05
84.07
84.1
84.07
84.1
84.07
84.05
84.1
84.05
84.18
84.07
84.1
83.8
83.9
84.05
