0.28194
0.28169
0.28203
0.28187
0.28187
0.2817
0.282
0.28181
0.28181
0.28194
0.28168
0.28168
0.2819
0.28168
0.28183
0.28183
0.28168
0.28188
0.28182
0.28182
0.28181
0.28191
0.28191
0.28191
0.2819
0.28199
0.28195
0.28195
0.2819
0.28195
0.28195
0.28199
0.28193
0.28194
0.28194
0.28202
0.28197
0.28197
0.28202
0.28192
0.28195
0.28195
0.28194
0.28202
0.28199
0.28199
0.28195
0.28195
0.28195
0.28201
0.28192
0.28195
0.28195
0.28193
0.28202
0.28195
0.28195
0.28201
0.28195
0.28195
0.28199
0.28198
0.28198
0.28194
0.28203
0.28203
0.28203
0.28195
0.28204
0.28199
0.28199
0.28204
0.28195
0.28202
0.28199
0.28201
0.2819
0.28195
0.28195
0.28199
0.28195
0.28195
0.28203
0.28202
0.28202
0.28194
0.28206
0.28206
0.28196
0.28201
0.28201
0.28212
0.28188
0.28196
0.28199
0.28204
0.28196
0.28203
0.28203
0.28206
0.28182
0.28203
0.28203
0.2824
0.28196
0.28201
0.28201
0.28206
0.28183
0.28203
0.28205
0.28207
0.28191
0.28186
0.28184
0.28204
0.28195
0.28195
0.2822
0.28184
0.28187
0.28185
0.282
0.2818
0.28185
0.28185
0.2818
0.28204
0.2819
0.2819
0.28205
0.28183
0.28193
0.28195
0.28219
0.28183
0.28185
0.28185
0.28184
0.28204
0.28204
0.28204
0.28234
0.28165
0.2819
0.28185
0.282
0.28181
0.2819
0.2819
0.2818
0.282
0.28196
0.28196
0.28205
0.28183
0.2819
0.2819
0.28201
0.28184
0.28184
0.28184
0.28204
0.28195
0.28195
0.28187
0.28209
0.28201
0.28201
0.28208
0.28188
0.28199
0.28199
0.28186
0.28206
0.28196
0.28196
0.2821
0.2817
0.282
0.282
0.28175
0.28206
0.28195
0.28195
0.28165
0.28201
0.28195
0.28195
0.282
0.28155
0.28195
0.28195
0.28171
0.28201
0.28195
0.282
0.2817
0.28202
0.28184
0.28184
0.282
0.28182
0.28185
0.28185
0.2818
0.28199
0.28192
0.28192
0.28184
0.28198
0.28195
0.28195
0.282
0.28182
0.28195
0.28195
0.28185
0.28201
0.28194
0.28194
0.28163
0.28201
0.28199
0.28199
0.28184
0.28205
0.28199
0.28199
0.28183
0.28206
0.28206
0.28172
0.28209
0.28203
0.28203
0.28188
0.28211
0.28203
0.28203
0.28214
0.2816
0.28202
0.28202
0.28172
0.28207
0.28201
0.28201
0.28172
0.28209
0.28194
0.28194
0.2816
0.28207
0.28207
0.28207
0.28209
0.28177
0.28202
0.28202
0.28205
0.28186
0.28199
0.28199
0.28206
0.28178
0.28195
0.28195
0.28186
0.28208
0.28206
0.28206
0.28212
0.28185
0.28197
0.28197
0.28191
0.2821
0.28194
0.28194
0.28192
0.2821
0.28198
0.28198
0.28187
0.28204
0.28194
0.28194
0.28208
0.28189
0.28207
0.28207
0.28193
0.28211
0.28201
0.28201
0.28194
0.2821
0.28199
0.28199
0.28212
0.28193
0.28203
0.28203
0.2821
0.28188
0.28199
0.28199
0.28195
0.28213
0.28207
0.28207
0.2821
0.28194
0.28204
0.28204
0.2819
0.28209
0.28198
0.28198
0.28187
0.2821
0.28201
0.28201
0.28191
0.28212
0.28202
0.28199
0.28194
0.28205
0.28203
0.28203
0.28192
0.28211
0.282
0.28201
0.28194
0.28212
0.282
0.282
0.28196
0.28209
0.28204
0.28204
0.28211
0.28187
0.282
0.28202
0.28189
0.28206
0.28199
0.28199
0.28213
0.28188
0.28203
0.28203
0.2821
0.28193
0.28204
0.28198
0.28209
0.28196
0.282
0.28199
0.28204
0.28187
0.28198
0.28198
0.28209
0.28189
0.2819
0.28189
0.28213
0.28189
0.28205
0.28205
0.28191
0.28208
0.28202
0.28208
0.28194
0.282
0.282
0.28206
0.28193
0.28196
0.28196
0.28175
0.28213
0.2819
0.2819
0.28197
0.28179
0.28188
0.28195
0.28199
0.28183
0.28184
0.28184
0.28162
0.28204
0.28179
0.28184
0.28177
0.28203
0.28179
0.28179
0.28179
0.282
0.28185
0.28185
0.28202
0.2818
0.28192
0.28189
0.28201
0.28141
0.28153
0.28143
0.28202
0.28185
0.28185
0.28163
0.28202
0.28195
0.28187
0.28202
0.28186
0.28199
0.28199
0.28206
0.2818
0.28198
0.28201
0.28184
0.2819
0.2819
0.28181
0.28204
0.28199
0.28196
0.28206
0.2815
0.28194
0.28194
0.28209
0.28182
0.28192
0.28192
0.28181
0.28206
0.28198
0.28197
0.28205
0.28183
0.28194
0.28186
0.28181
0.28202
0.28193
0.28193
0.28164
0.28202
0.28188
