1130.4
1128.68
1128.98
1128.98
1128.28
1128.6
1128.6
1128.9
1128.48
1128.68
1128.68
1128.82
1128.25
1128.4
1128.4
1128.3
1128.7
1128.6
1128.6
1128.5
1128.96
1128.9
1128.9
1128.7
1128.85
1128.85
1128.9
1128.65
1128.75
1128.75
1128.65
1128.95
1128.95
1128.95
1128.7
1129.07
1129.05
1129.03
1129.05
1128.75
1128.85
1128.85
1129.0
1128.68
1128.78
1128.78
1128.82
1128.28
1128.4
1128.4
1127.6
1127.8
1127.8
1127.65
1127.88
1127.88
1128.05
1127.68
1127.7
1127.68
1127.8
1127.45
1127.45
1127.45
1127.95
1127.9
1127.9
1127.8
1128.12
1128.03
1128.03
1127.84
1128.11
1128.1
1128.3
1127.95
1128.1
1128.1
1128.15
1127.9
1128.05
1128.05
1127.95
1128.18
1128.14
1128.14
1128.35
1128.28
1128.28
1128.35
1127.43
1127.7
1127.68
1127.38
1127.93
1127.85
1127.82
1127.6
1127.9
1127.85
1127.85
1127.95
1127.7
1127.75
1127.75
1127.68
1127.88
1127.85
1127.85
1127.95
1127.75
1127.85
1127.85
1127.45
1127.94
1127.65
1127.65
1127.54
1127.88
1127.75
1127.75
1127.82
1127.6
1127.68
1127.68
1127.7
1127.15
1127.15
1127.15
1126.85
1127.25
1127.23
1127.23
1126.55
1126.55
1126.55
1126.4
1126.75
1126.73
1126.73
1126.65
1126.95
1126.88
1126.88
1127.0
1126.75
1126.75
1126.75
1126.3
1126.3
1125.43
1125.5
1125.5
1125.35
1126.05
1126.05
1126.03
1126.23
1126.15
1126.1
1126.15
1125.8
1125.82
1125.85
1125.73
1126.07
1126.03
1126.03
1126.38
1126.25
1126.25
1126.3
1125.75
1125.75
1125.75
1126.05
1126.05
1126.05
1125.95
1126.2
1126.08
1126.08
1126.03
1126.43
1126.28
1126.25
1126.2
1126.43
1126.25
1126.25
1125.95
1126.05
1126.05
1125.75
1125.9
1125.9
1126.1
1126.0
1126.0
1125.75
1125.82
1125.82
1125.88
1125.68
1125.73
1125.73
1125.65
1125.8
1125.68
1125.68
1125.65
1125.93
1125.93
1125.93
1125.98
1125.85
1125.85
1125.85
1126.05
1125.75
1125.85
1125.88
1125.85
1125.95
1125.93
1125.93
1125.85
1126.05
1125.95
1125.95
1126.1
1125.98
1125.98
1125.93
1126.25
1126.15
1126.15
1126.03
1126.23
1126.15
1126.15
1126.28
1126.03
1126.1
1126.1
1126.18
1126.05
1126.12
1126.12
1126.15
1126.0
1126.0
1126.0
1126.12
1125.95
1125.95
1125.95
1126.0
1125.85
1125.95
1125.95
1126.05
1125.95
1125.95
1125.95
1125.93
1126.15
1126.1
1126.1
1126.15
1125.75
1125.75
1125.75
1125.8
1125.23
1125.3
1125.3
1125.35
1125.08
1125.25
1125.25
1125.18
1125.35
1125.35
1125.5
1125.3
1125.32
1125.32
1125.05
1125.25
1125.25
1125.05
1125.1
1125.1
1125.2
1125.03
1125.08
1125.08
1125.18
1124.73
1124.78
1124.78
1124.88
1124.65
1124.75
1124.75
1124.65
1124.95
1124.93
1124.93
1124.75
1125.15
1125.15
1125.15
1125.05
1125.25
1125.2
1125.2
1125.18
1125.45
1125.32
1125.3
1125.35
1125.2
1125.2
1125.2
1125.45
1125.31
1125.34
1125.48
1125.23
1125.28
1125.28
1125.45
1125.23
1125.25
1125.25
1125.15
1125.4
1125.35
1125.35
1125.58
1125.45
1125.5
1125.3
1125.53
1125.48
1125.48
1125.65
1125.45
1125.48
1125.45
1125.7
1125.65
1125.65
1125.65
1125.93
1125.9
1125.88
1125.93
1125.7
1125.82
1125.82
1125.85
1125.45
1125.45
1125.45
1125.25
1125.48
1125.45
1125.5
1125.35
1125.4
1125.4
1125.25
1125.32
1125.32
1124.53
1124.7
1124.68
1124.75
1124.38
1124.7
1124.7
1124.8
1124.25
1124.32
1124.32
1124.25
1124.55
1124.25
1124.28
1124.15
1124.69
1124.62
1124.62
1124.68
1124.15
1124.15
1124.15
1124.12
1124.69
1124.4
1124.4
1124.6
1124.45
1124.45
1124.85
1124.75
1124.75
1124.73
1125.5
1125.43
1125.43
1125.85
1125.15
1125.3
1125.3
1125.1
1125.38
1125.35
1125.35
1126.23
1126.23
1126.23
1126.35
1125.73
1125.95
1125.95
1125.8
1126.35
1126.05
1126.05
1126.08
1125.7
1125.75
1125.75
1126.1
1125.55
1125.57
1125.57
1125.7
1125.14
1125.23
1125.23
1125.05
1125.56
1125.48
