8.2009
8.201
8.1912
8.1988
8.1988
8.2011
8.1917
8.1955
8.1943
8.1962
8.1912
8.1912
8.192
8.1925
8.1917
8.1917
8.1917
8.1901
8.2071
8.1985
8.1985
8.2002
8.1916
8.1925
8.1925
8.1929
8.191
8.1917
8.1917
8.1922
8.1922
8.2096
8.1773
8.1982
8.1973
8.2055
8.1835
8.1989
8.1989
8.1909
8.1996
8.1942
8.1942
8.1952
8.1797
8.1797
8.1958
8.1946
8.1946
8.2025
8.1898
8.1898
8.1999
8.1846
8.1846
8.1839
8.2026
8.202
8.202
8.1805
8.2035
8.1856
8.1856
8.2055
8.1633
8.1919
8.1919
8.1791
8.1974
8.1949
8.195
8.1894
8.1963
8.195
8.195
8.1692
8.2053
8.1953
8.1987
8.1662
8.1772
8.1666
8.1665
8.1878
8.1877
8.1877
8.2039
8.1759
8.1945
8.1945
8.1903
8.1933
8.1933
8.1878
8.1955
8.1955
8.1898
8.1905
8.1905
8.187
8.2039
8.1962
8.1962
8.1878
8.2044
8.2022
8.2022
8.203
8.1967
8.2018
8.2018
8.2051
8.1841
8.1884
8.1952
8.185
8.2129
8.2025
8.2025
8.1902
8.2032
8.2026
8.2022
8.1896
8.2055
8.1969
8.1969
8.2098
8.196
8.1973
8.1974
8.2009
8.1939
8.1973
8.1973
8.1972
8.1974
8.1974
8.1974
8.1975
8.1973
8.1973
8.2006
8.1974
8.1974
8.198
8.1947
8.1961
8.1961
8.1951
8.1978
8.1969
8.1969
8.1954
8.1971
8.1965
8.1959
8.2018
8.1879
8.1932
8.1932
8.2009
8.1798
8.1931
8.1931
8.1963
8.19
8.1963
8.1924
8.1964
8.1964
8.1925
8.1964
8.1964
8.1925
8.1926
8.1926
8.1979
8.1931
8.1931
8.1896
8.1964
8.1927
8.1927
8.1964
8.194
8.194
8.197
8.194
8.1926
8.1969
8.1963
8.1963
8.1935
8.1968
8.1963
8.1963
8.1969
8.1933
8.1939
8.1939
8.1948
8.1933
8.1933
8.1933
8.1963
8.1933
8.1941
8.194
8.1936
8.1964
8.195
8.195
8.1936
8.1966
8.1938
8.1938
8.1967
8.1934
8.1944
8.1939
8.1967
8.1933
8.1949
8.1946
8.1966
8.1914
8.1915
8.1915
8.1926
8.1904
8.1911
8.1908
8.1917
8.1898
8.1903
8.1903
8.1921
8.1901
8.1901
8.1918
8.1875
8.191
8.191
8.1916
8.1903
8.1912
8.1911
8.1915
8.1906
8.1907
8.1907
8.1927
8.1869
8.191
8.191
8.1919
8.1897
8.1906
8.1905
8.1897
8.1923
8.1912
8.1912
8.1894
8.1919
8.1907
8.1905
8.1895
8.1897
8.1898
8.1913
8.1895
8.1896
8.1897
8.1928
8.1896
8.1897
8.1897
8.1895
8.1901
8.1898
8.1898
8.1898
8.1896
8.1897
8.1897
8.1893
8.1918
8.1906
8.1904
8.1897
8.1924
8.1915
8.1915
8.1945
8.1887
8.1938
8.1982
8.1824
8.1952
8.195
8.1958
8.1933
8.1944
8.1944
8.1949
8.191
8.1916
8.1908
8.1908
8.1932
8.1925
8.1924
8.1905
8.1919
8.1919
8.1906
8.1932
8.1915
8.1909
8.1908
8.1933
8.1919
8.1927
8.1917
8.1931
8.1925
8.1907
8.1932
8.192
8.1911
8.1956
8.1892
8.1914
8.1958
8.1901
8.1903
8.1904
8.1916
8.1889
8.1894
8.1892
8.1889
8.1904
8.1889
8.1889
8.1905
8.1882
8.1889
8.1889
8.1894
8.179
8.1791
8.1791
8.1805
8.1769
8.1803
8.1803
8.1766
8.1852
8.1847
8.1847
8.1856
8.1795
8.1795
8.1791
8.1785
8.1868
8.1852
8.1853
8.1824
8.184
8.1841
8.1846
8.1821
8.1834
8.1834
8.1841
8.1816
8.183
8.1827
8.1843
8.1816
8.1824
8.1821
8.1811
8.1834
8.1821
8.1826
8.1832
8.1805
8.1814
8.1814
8.1826
8.1798
8.181
8.1822
8.1769
8.1807
8.1805
8.1831
8.1789
8.1804
8.1804
8.1828
8.1791
8.1801
8.1762
8.1837
8.1762
8.1776
8.1776
8.1776
8.1812
8.1799
8.1799
8.1811
8.1788
8.1802
8.1802
8.181
8.1786
8.18
8.1812
8.1786
8.1796
8.1772
8.1885
8.1882
8.188
8.1884
8.1833
8.1872
8.1876
8.1831
8.1833
8.1829
8.187
8.1854
8.1854
8.1861
8.1834
8.1835
8.1836
8.1847
8.1808
8.1808
8.1816
8.1779
8.1802
8.1802
8.1781
8.1828
8.1824
8.1824
8.1838
8.1768
8.1808
8.1808
8.1798
8.1822
8.1808
8.1808
8.1808
8.1808
8.1808
8.1808
8.1766
8.1782
8.1782
8.1808
8.1808
8.1808
8.1784
8.1808
8.1808
8.178
8.178
8.178
8.1779
8.1808
8.1808
8.1808
8.1735
8.1813
8.1782
8.1782
8.1808
8.1808
8.1808
8.1808
8.1808
8.1762
8.1762
8.1768
8.1758
8.1778
8.1772
8.1772
8.1789
8.1725
8.1735
8.1735
8.1735
8.1707
8.1735
8.1735
8.1709
8.1709
8.1709
8.1709
8.1709
8.1869
8.1861
8.1872
8.1872
8.1784
8.1849
8.1849
8.1783
8.1858
8.1829
8.1828
8.1794
8.1867
8.1831
8.183
8.1864
8.1793
8.1812
8.1812
8.1858
8.18
8.18
8.1864
8.1864
8.1863
8.1816
8.1865
8.1864
8.1854
8.1867
8.1837
8.184
8.1844
8.1866
8.1793
8.1823
8.1823
8.1864
8.1799
8.1789
8.1862
8.1862
8.1862
8.1789
8.1882
8.1879
8.1879
8.1882
8.1821
8.1859
8.1878
8.1825
8.1879
8.1844
8.1843
8.1874
8.179
8.1859
8.1859
8.1875
8.1794
8.1859
8.1859
8.1795
8.1866
8.1844
8.1844
8.1869
8.181
8.181
8.1866
8.1769
8.1847
8.1861
8.187
8.1807
8.1837
8.1837
8.1829
8.1875
8.1874
8.1811
8.1894
8.1894
8.174
8.1917
8.1779
8.1779
8.1749
8.1821
8.1807
8.1807
8.1823
8.1768
8.1796
8.1796
8.1764
8.1816
8.181
8.181
8.1792
8.1825
8.1814
8.1814
8.1803
8.1857
8.1847
8.1846
8.1833
8.1892
8.1878
8.1867
8.1892
8.1842
8.1883
8.1885
8.1903
8.1847
8.1848
8.1848
8.1868
8.1828
8.1845
8.1849
8.1865
8.1835
8.1852
8.1847
8.1872
8.184
8.185
8.1849
8.1868
8.1842
8.185
8.1849
8.1873
8.1863
8.1863
8.1858
8.1964
8.1947
8.1947
8.1959
8.1844
8.1841
8.1861
8.1839
8.1847
8.1847
8.1868
8.1807
8.1808
8.1808
8.1795
8.1858
8.1842
8.1842
8.1851
8.1824
8.1837
8.1837
8.1851
8.1789
8.1789
8.1834
8.1834
8.1828
8.1922
8.1853
8.1853
8.1873
8.1838
8.184
8.184
8.1848
8.177
8.177
8.177
8.1792
8.1739
8.1751
8.1751
8.1734
8.1809
8.1772
8.1773
8.1781
8.1726
8.1744
8.1744
8.1732
8.1793
8.1793
8.1772
8.1828
8.1824
8.1824
8.1853
8.1778
8.1812
8.1812
8.1857
8.178
8.1812
8.1812
8.1796
8.188
8.1861
8.1862
8.1854
8.1896
8.1881
8.1881
8.1881
8.1996
8.1911
8.1911
8.1914
8.1886
8.1889
8.1889
8.1908
8.1874
8.1874
8.1906
8.1841
8.1847
8.1847
8.1846
8.1927
8.1927
8.1949
8.1919
8.193
8.193
8.1921
8.1953
8.1944
8.1944
8.1944
8.208
8.2074
8.2074
8.2159
8.2046
8.2078
8.2078
8.209
8.2008
8.2077
8.2077
8.2056
8.2081
8.2076
8.2076
8.2074
8.2157
8.2125
8.2125
8.2109
8.2176
8.2167
8.2167
8.2163
8.2182
8.2181
8.2181
8.2185
8.2169
8.2179
8.2179
8.2182
8.213
8.213
8.213
8.2132
8.1905
8.2071
8.2071
8.2022
8.2087
8.2079
8.2079
8.2089
8.2066
8.2066
8.2057
8.2103
8.2091
8.2091
8.2078
8.2171
8.2165
8.2166
8.2154
8.2187
8.2171
8.2171
8.2161
8.2186
8.2186
8.2186
8.2238
8.2175
8.2181
8.2181
8.2173
8.2258
8.2254
8.2254
8.2254
8.2283
8.2274
8.2274
8.2282
8.2153
8.224
8.224
8.2278
8.2081
8.2204
8.2203
8.2215
8.2158
8.2176
8.2176
8.2181
8.2112
8.212
8.212
8.212
8.2136
8.2136
8.2157
8.2024
8.2083
8.2083
8.2091
8.2065
8.2084
8.2084
8.2075
8.2152
8.2143
8.2143
8.2085
8.2169
8.2169
8.2169
8.2193
8.208
8.2111
8.2111
8.2128
8.2063
8.2067
8.2067
8.2038
8.2119
8.2076
8.2076
8.2163
8.2138
8.2138
8.2186
8.2176
8.2176
8.2162
8.2182
8.2179
8.2179
8.218
8.2128
8.2129
8.2129
8.2115
8.2146
8.2146
8.2151
8.2102
8.2107
8.2107
8.2127
8.2026
8.2027
8.2026
8.2027
8.1884
8.193
8.193
8.1921
8.2017
8.195
8.195
8.1963
8.1868
8.1919
8.1919
8.1907
8.1954
8.1942
8.1943
8.1952
8.1936
8.1945
8.1945
8.1966
8.1946
8.1946
8.1936
8.1954
8.1947
8.1947
8.1964
8.1963
8.1963
8.1955
8.1979
8.197
8.197
8.1972
8.1952
8.1952
8.1952
8.1947
8.1982
8.1965
8.1965
8.1965
8.1993
8.1986
8.1986
8.1992
8.1972
8.1988
8.1988
8.1987
8.2057
8.2044
8.2044
8.2031
8.2062
8.2062
8.2062
8.2081
8.2008
8.2024
8.2023
8.2034
8.1986
8.2014
8.2015
8.2022
8.1963
8.1974
8.1974
8.1949
8.1982
8.1982
8.1982
8.1982
8.1927
8.1947
8.1947
8.1946
8.1986
8.1949
8.1949
8.1961
8.1898
8.1916
8.1916
8.1878
8.1894
8.1894
8.1905
8.1821
8.184
8.1839
8.1854
8.1824
8.1842
8.1842
8.184
8.1886
8.187
8.187
8.1877
8.1835
8.1838
8.1838
8.1866
8.1866
8.1872
8.1857
8.1866
8.1866
8.187
8.1848
8.185
8.1849
8.1841
8.1899
8.1898
8.1885
8.192
8.1903
8.1903
8.1903
8.189
8.1894
8.1894
8.1897
8.1856
8.1856
8.1856
8.1856
8.1895
8.1894
8.1894
8.1897
8.1819
8.1841
8.1841
8.1796
8.1827
8.1827
8.1909
8.1888
8.1888
8.1884
8.193
8.1904
8.1904
8.1956
8.1951
8.1951
8.1966
8.1923
8.1924
8.1924
8.1919
8.1989
8.1987
8.1987
8.1946
8.1953
8.1953
8.1959
8.1922
8.1945
8.1945
8.1951
8.1922
8.1936
8.1936
8.1976
8.1976
8.1976
8.1975
8.2057
8.2052
8.2052
8.2061
8.2028
8.203
8.203
8.2057
8.2024
8.2031
8.2031
8.2034
8.1848
8.1858
8.1858
8.1854
8.1928
8.1873
8.1873
8.1873
8.1918
8.1906
8.1906
8.1932
8.1894
8.1899
8.19
8.1913
8.1893
8.1905
8.1907
8.1901
8.1932
8.1928
8.1928
8.1937
8.1926
8.1933
8.1933
8.1934
8.1915
8.1923
8.1923
8.1928
8.1884
8.1889
8.1889
8.1865
8.1952
8.193
8.193
8.188
8.1947
8.1931
8.1931
8.196
8.1922
8.1937
8.1938
8.1942
8.1911
8.1913
8.1912
8.1913
8.1845
8.185
8.185
8.1861
8.1826
8.1831
8.1831
8.1824
8.1869
8.1842
8.1842
8.1875
8.1826
8.1828
8.1828
8.1834
8.1775
8.1794
8.1794
8.1788
8.1872
8.1856
8.1856
8.1765
8.1806
8.1806
8.1805
8.185
8.1831
8.1831
8.1829
8.1889
8.1884
8.1883
8.1847
8.1872
8.1872
8.1873
8.1792
8.1815
8.1815
8.1795
8.1841
8.1824
8.1824
8.179
8.184
8.1833
8.1833
8.1841
8.1786
8.1786
8.1768
8.184
8.1779
8.1779
8.1772
8.1836
8.1833
8.1832
8.182
8.1851
8.1847
8.1847
8.1845
8.1854
8.1848
8.1848
8.1865
8.1828
8.1838
8.1838
8.1793
8.1851
8.1848
8.1848
8.1848
8.2141
8.2053
8.2053
8.2112
8.197
8.1982
8.1982
8.1918
8.2045
8.2023
8.2023
8.1998
8.2065
8.2025
8.2025
8.2024
8.2069
8.2036
8.2036
8.2045
8.1973
8.2002
8.2
8.2029
8.1975
8.1991
8.1991
8.202
8.1933
8.1946
8.1946
8.1955
8.1818
8.1855
8.1853
8.1849
8.1974
8.1903
8.1903
8.1924
8.1877
8.1905
8.191
8.2095
8.198
8.198
8.1971
8.2071
8.2071
8.2051
8.2075
8.2067
8.2067
8.1987
8.2069
8.2052
8.2052
8.2074
8.2014
8.2015
8.2015
8.1965
8.2055
8.2032
8.2032
8.1985
8.2067
8.2051
8.2051
8.2121
8.2016
8.2032
8.2031
8.2022
8.2069
8.2051
8.2051
8.2018
8.207
8.207
8.207
8.2106
8.2049
8.2061
8.2061
8.2039
8.2121
8.2076
8.2076
8.2112
8.2049
8.2049
8.2053
8.2014
8.2032
8.2032
8.2043
8.2013
8.2031
8.2031
8.1987
8.2091
8.2036
8.2036
8.2008
8.2094
8.2091
8.2091
8.2079
8.2178
8.2178
8.2079
8.2112
8.2112
8.2075
8.2141
8.2134
8.2134
8.2139
8.2081
8.2116
8.2118
8.2077
8.2134
8.2134
8.2134
8.2181
8.2157
8.2157
8.2152
8.2279
8.2241
8.2241
8.2261
8.2146
8.2152
8.2152
8.2091
8.2097
8.2097
8.209
8.2134
8.2115
8.2115
8.2109
8.2148
8.2131
8.2131
8.2146
8.2092
8.2093
8.2093
8.2103
8.2017
8.2069
8.2069
8.2143
8.2121
8.2121
8.2136
8.2037
8.2037
8.2038
8.2037
8.21
8.2077
8.2075
8.2065
8.215
8.2144
8.2144
8.2154
8.2113
8.2154
8.2154
8.2142
8.2241
8.2236
8.2236
8.225
8.2215
8.2227
8.2227
8.221
8.2248
8.2236
8.2236
8.2249
8.2218
8.2229
8.2229
8.2252
8.2219
8.2237
8.2237
8.2215
8.2289
8.2273
8.2273
8.2272
8.2401
8.2368
8.2368
8.2369
8.2341
8.2359
8.235
8.2347
8.2377
8.2351
8.2351
8.2348
8.2376
8.2362
8.2362
8.2341
8.247
8.2467
8.2467
8.2485
8.245
8.2465
8.2465
8.2469
8.2387
8.2441
8.2441
8.2435
8.2485
8.2484
8.2491
8.2499
8.2467
8.248
8.248
8.2492
8.2457
8.2457
8.2623
8.2586
8.2586
8.2638
8.2584
8.2594
8.2584
8.2639
8.2603
8.2603
8.2582
8.2639
8.2639
8.2642
8.2601
8.2618
8.2618
8.2644
8.2613
8.2633
8.2634
8.2628
8.2691
8.2691
8.2691
8.272
8.2617
8.2622
8.2622
8.2599
8.2655
8.2647
8.2647
8.266
8.2626
8.2635
8.2635
8.2663
8.2594
8.2629
8.2626
8.2651
8.2606
8.2611
8.2616
8.2643
8.2556
8.2619
8.2626
8.2634
8.2592
8.2622
8.2621
8.2607
8.2659
8.2631
8.2631
8.2638
8.2605
8.262
8.262
8.2672
8.2582
8.2613
8.2613
8.2585
8.2631
8.2607
8.2612
8.2621
8.2582
8.2611
8.261
8.2645
8.258
8.2624
8.2624
8.268
8.2582
8.2618
8.2612
8.2639
8.2588
8.2575
8.2667
8.262
8.262
8.2586
8.2643
8.2607
8.261
8.2535
8.2544
8.2544
8.2555
8.2521
8.2542
8.2542
8.2524
8.2553
8.2535
8.2535
8.2533
8.2587
8.2586
8.2586
8.2572
8.2614
8.2614
8.2615
8.2531
8.2558
8.2551
8.2612
8.2536
8.2555
8.2552
8.2505
8.2575
8.2545
8.2545
8.2529
8.2577
8.2561
8.2561
8.2538
8.259
8.2577
8.2577
8.2577
8.2626
8.2594
8.2594
8.2652
8.2568
8.2595
8.2596
8.2589
8.2618
8.2601
8.2601
8.2635
8.2554
8.2583
8.2583
8.2563
8.2654
8.26
8.2607
8.2632
8.2582
8.2593
8.2572
8.2564
8.2658
8.2596
8.2596
8.2626
8.2558
8.2598
8.2597
8.2563
8.2635
8.2577
8.2577
8.2626
8.2493
8.2503
8.2503
8.249
8.2557
8.2557
8.2557
8.259
8.251
8.2544
8.2544
8.2555
8.2413
8.2482
8.2482
8.2469
8.2546
8.2526
8.2526
8.252
8.2557
8.255
8.255
8.2557
8.252
8.2542
8.2542
8.2578
8.2475
8.25
8.25
8.2532
8.2487
8.2502
8.2502
8.2495
8.2551
8.2533
8.2533
8.2477
8.2612
8.2596
8.2596
8.2571
8.2613
8.2575
8.2561
8.255
8.2604
8.26
8.2595
8.2579
8.2609
8.2602
8.2602
8.2581
8.2633
8.2608
8.2615
8.2594
8.2667
8.2609
8.2622
8.2668
8.2593
8.2618
8.2618
8.2598
8.2712
8.2662
8.2662
8.2644
8.2703
8.2686
8.2686
8.2714
8.2655
8.2681
8.268
8.2661
8.2713
8.2704
8.2707
8.2664
8.2712
8.2711
8.2722
8.2694
8.2708
8.2708
8.2713
8.267
8.2702
8.2706
8.2715
8.2687
8.27
8.27
8.269
8.271
8.2704
8.2706
8.2709
8.2688
8.2703
8.2703
8.2726
8.2671
8.2702
8.2702
8.2686
8.273
8.2729
8.2729
8.2743
8.2672
8.2729
8.2726
8.2812
8.2704
8.2762
8.2762
8.2751
8.2914
8.2805
8.281
8.2824
8.2761
8.2776
8.2776
8.2785
8.2738
8.276
8.276
8.2737
8.2793
8.2794
8.2706
8.2715
8.2744
8.2793
8.2693
8.2744
8.2744
8.2757
8.2739
8.2745
8.2746
8.2782
8.2699
8.2722
8.2722
8.2761
8.2712
8.2743
8.2712
8.2745
8.2681
8.27
8.2722
8.2718
8.2751
8.2732
8.2732
8.2791
8.2558
8.257
8.2568
8.2748
8.2731
8.27
8.2694
8.2753
8.2724
8.2724
8.273
8.2663
8.2663
8.2631
8.2718
8.2687
8.2687
8.2715
8.2656
8.2688
8.2695
8.2687
8.273
8.2724
8.2724
8.2787
8.26
8.26
