13.2649
13.2703
13.2612
13.2682
13.2682
13.2815
13.2687
13.2687
13.261
13.2769
13.2769
13.2775
13.2783
13.2667
13.2689
13.2697
13.2757
13.2634
13.2658
13.2658
13.2731
13.2629
13.2682
13.2684
13.2649
13.2744
13.268
13.268
13.2777
13.2694
13.2694
13.2693
13.2764
13.2694
13.2694
13.2742
13.2683
13.2736
13.2736
13.278
13.268
13.2713
13.2713
13.28
13.264
13.2675
13.2675
13.2641
13.2694
13.2679
13.267
13.2651
13.2738
13.2738
13.2738
13.2668
13.2759
13.2702
13.2701
13.2663
13.2901
13.2862
13.2862
13.2913
13.2671
13.2671
13.27
13.2659
13.2687
13.2687
13.2703
13.2668
13.2698
13.2698
13.2655
13.2705
13.2673
13.2675
13.2646
13.269
13.2675
13.2676
13.2653
13.2707
13.269
13.269
13.2675
13.2692
13.2692
13.2692
13.2708
13.266
13.2665
13.2665
13.2661
13.2711
13.2677
13.2677
13.2704
13.2664
13.2678
13.2691
13.272
13.2664
13.2689
13.2674
13.2717
13.2661
13.2661
13.2663
13.2726
13.2675
13.2675
13.2654
13.2724
13.2666
13.2666
13.2656
13.2706
13.2675
13.2675
13.2663
13.2696
13.2675
13.2675
13.2714
13.265
13.2675
13.2676
13.2712
13.2649
13.2657
13.2635
13.2724
13.2688
13.2698
13.2657
13.2703
13.2689
13.2689
13.2667
13.2704
13.2689
13.2689
13.2675
13.2701
13.269
13.269
13.2664
13.27
13.269
13.269
13.2673
13.2704
13.269
13.269
13.2674
13.2711
13.271
13.271
13.2668
13.2675
13.2675
13.269
13.2667
13.2689
13.2704
13.2705
13.2665
13.2665
13.2665
13.2678
13.2628
13.2668
13.2668
13.2669
13.2614
13.2614
13.2695
13.2668
13.2668
13.2669
13.2636
13.2668
13.2668
13.2649
13.2701
13.2691
13.2655
13.2643
13.2668
13.2665
13.2665
13.2668
13.2649
13.2666
13.2666
13.2669
13.2624
13.2639
13.2639
13.263
13.2697
13.2665
13.2665
13.2668
13.2626
13.2666
13.2666
13.2645
13.2694
13.2666
13.2666
13.2702
13.2634
13.2654
13.2654
13.2681
13.2616
13.2668
13.2632
13.2692
13.261
13.261
13.261
13.2685
13.2656
13.2656
13.2685
13.2636
13.2655
13.2636
13.269
13.2677
13.2677
13.269
13.2633
13.266
13.266
13.2664
13.2612
13.2634
13.2634
13.2652
13.2598
13.2606
13.2606
13.2602
13.2655
13.2652
13.2652
13.2595
13.261
13.261
13.2595
13.2638
13.2632
13.2632
13.2603
13.2613
13.2613
13.2605
13.2639
13.2618
13.2618
13.2645
13.2626
13.2626
13.2603
13.2645
13.2619
13.2619
13.264
13.2576
13.261
13.261
13.2593
13.2629
13.2625
13.2625
13.2593
13.2638
13.2605
13.2605
13.2647
13.2603
13.2616
13.2615
13.2651
13.2582
13.262
13.262
13.2604
13.2631
13.2622
13.2622
13.2603
13.265
13.265
13.265
13.2663
13.2639
13.2647
13.2647
13.2639
13.2667
13.265
13.265
13.2666
13.264
13.2648
13.2648
13.2657
13.2642
13.2635
13.2667
13.2647
13.2647
13.2636
13.2666
13.2658
13.2658
13.2642
13.2672
13.2656
13.2656
13.2662
13.2559
13.2567
13.2571
13.2552
13.2591
13.2582
13.2582
13.261
13.2572
13.26
13.26
13.2577
13.259
13.259
13.2542
13.2568
13.2568
13.2562
13.2589
13.2586
13.2586
13.2592
13.2565
13.2583
13.2583
13.2591
13.2563
13.2573
13.2573
13.2585
13.2547
13.2565
13.2565
13.2568
13.253
13.2542
13.2542
13.2531
13.2555
13.2551
13.2551
13.2524
13.2562
13.2547
13.2547
13.2563
13.2536
13.2539
13.2539
13.252
13.2551
13.2544
13.2538
13.2535
13.2572
13.2547
13.2547
13.2537
13.2563
13.2559
13.2559
13.2564
13.2533
13.2561
13.2561
13.2565
13.2526
13.2536
13.2539
13.2526
13.2544
13.2542
13.2544
13.2548
13.253
13.2537
13.2537
13.2532
13.2554
13.2541
13.2541
13.2551
13.2533
13.2533
13.2544
13.2527
13.2535
13.2535
13.2535
13.256
13.2554
13.2554
13.2534
13.2542
13.2542
13.2547
13.2535
13.2535
13.2535
13.2547
13.2519
13.2537
13.2536
13.254
13.2515
13.253
13.253
13.2512
13.2535
13.2518
13.2518
13.2516
13.2534
13.2519
13.2519
13.2492
13.2527
13.2519
13.2519
13.2524
13.2493
13.2507
13.2507
13.2493
13.2521
13.2515
13.2515
13.2523
13.2455
13.2474
13.2473
13.2479
13.2441
13.2472
13.2472
13.2444
13.2499
13.2448
13.2448
13.2487
13.2444
13.2447
13.2447
13.2443
13.2475
13.246
13.2458
13.2448
13.2491
13.2479
13.2479
13.2445
13.248
13.2465
13.2465
13.2446
13.2477
13.2474
13.2474
13.2495
13.2453
13.2472
13.2469
13.248
13.2451
13.2457
13.2457
13.2429
13.2465
13.2444
13.2444
13.2483
13.2476
13.2476
13.2496
13.2444
13.2453
13.2453
13.2479
13.2448
13.245
13.245
13.2477
13.2424
13.2464
13.2469
13.2486
13.2454
13.2481
13.2481
13.249
13.2451
13.2461
13.2461
13.2491
13.2451
13.2451
13.2475
13.245
13.246
13.246
13.2451
13.2481
13.2451
13.2451
13.2449
13.2468
13.2457
13.2455
13.2451
13.2472
13.247
13.247
13.2472
13.2461
13.2464
13.2464
13.2473
13.2451
13.2456
13.2456
13.2444
13.2485
13.2466
13.247
13.2488
13.2455
13.2472
13.2472
13.244
13.2483
13.2465
13.2465
13.2457
13.2473
13.2465
13.2465
13.2439
13.2484
13.246
13.246
13.2436
13.2485
13.247
13.247
13.2446
13.2484
13.2465
13.2465
13.2485
13.2441
13.2465
13.2465
13.2444
13.2472
13.2462
13.2462
13.2472
13.2435
13.246
13.246
13.245
13.2472
13.2456
13.2453
13.2437
13.2481
13.2465
13.2465
13.2449
13.2478
13.2463
13.2463
13.2452
13.2469
13.2455
13.2455
13.2451
13.2481
13.2457
13.2457
13.2432
13.2482
13.2454
13.2438
13.243
13.2489
13.2449
13.2449
13.2487
13.2446
13.2474
13.2474
13.248
13.2458
13.2463
13.2463
13.2489
13.2458
13.2463
13.2463
13.2461
13.2488
13.2466
13.2466
13.2474
13.246
13.2461
13.2461
13.2489
13.2453
13.2467
13.2466
13.2477
13.2441
13.2472
13.2472
13.2478
13.2458
13.247
13.247
13.2453
13.25
13.2485
13.2485
13.2489
13.2466
13.2485
13.2485
13.2473
13.2493
13.2484
13.2484
13.2498
13.2465
13.2472
13.2472
13.2502
13.2451
13.2461
13.2461
13.2437
13.2485
13.2473
13.2473
13.2461
13.2496
13.2467
13.2467
13.2465
13.2525
13.2508
13.2508
13.2511
13.2482
13.2503
13.2505
13.2514
13.2484
13.2489
13.2489
13.2507
13.2481
13.2485
13.2491
13.2504
13.2484
13.2488
13.2488
13.2484
13.2493
13.2484
13.2482
13.2458
13.2504
13.2492
13.2483
13.2501
13.2467
13.249
13.2491
13.249
13.2501
13.2495
13.2491
13.2485
13.2562
13.256
13.2562
13.2551
13.2576
13.2572
13.2572
13.2571
13.2661
13.2659
13.2659
13.2661
13.2656
13.2661
13.2661
13.2674
13.2599
13.2603
13.2603
13.2617
13.2591
13.2604
13.2604
13.2569
13.2615
13.2593
13.2593
13.2596
13.2573
13.2573
13.2574
13.2566
13.2607
13.2596
13.2595
13.2593
13.2618
13.2608
13.2608
13.2607
13.2629
13.2623
13.2623
13.2695
13.263
13.263
13.2635
13.2597
13.2617
13.2619
13.2615
13.2695
13.2695
13.2695
13.2685
13.2706
13.2705
13.2705
13.2705
13.2581
13.2583
13.2585
13.262
13.2537
13.2551
13.2551
13.255
13.2615
13.261
13.261
13.267
13.26
13.2648
13.2648
13.2695
13.2695
13.2692
13.2718
13.27
13.27
13.2696
13.2778
13.276
13.276
13.2778
13.2746
13.2759
13.2759
13.2764
13.2717
13.2747
13.2749
13.2754
13.2719
13.2738
13.2738
13.2753
13.2699
13.27
13.2725
13.2672
13.2679
13.2679
13.2718
13.2661
13.2663
13.2665
13.2668
13.263
13.2632
13.2632
13.2502
13.2505
13.2505
13.2511
13.2497
13.2508
13.2508
13.2476
13.2491
13.249
13.2481
13.2496
13.2485
13.2486
13.2483
13.2535
13.2505
13.2505
13.2503
13.2554
13.2554
13.2554
13.2498
13.256
13.2554
13.2554
13.2528
13.2569
13.2563
13.2563
13.257
13.2561
13.2563
13.2563
13.2558
13.2738
13.2735
13.2736
13.2728
13.2799
13.279
13.2791
13.2823
13.2754
13.2784
13.2784
13.279
13.2714
13.2719
13.2719
13.2724
13.2708
13.2714
13.2714
13.2717
13.2633
13.2646
13.2646
13.2632
13.2665
13.2663
13.2663
13.2666
13.2555
13.2628
13.2628
13.2622
13.2642
13.2629
13.2629
13.2621
13.2645
13.264
13.264
13.2643
13.2612
13.2616
13.2616
13.2619
13.2536
13.2613
13.2613
13.2646
13.2621
13.2621
13.2631
13.2586
13.2589
13.2589
13.2673
13.2664
13.2664
13.2665
13.2625
13.2628
13.2628
13.2638
13.2625
13.2628
13.2627
13.2634
13.2544
13.2545
13.2545
13.2582
13.2514
13.2572
13.2572
13.2608
13.2563
13.2568
13.2568
13.2558
13.2575
13.2569
13.2569
13.257
13.2443
13.245
13.245
13.2469
13.2402
13.242
13.242
13.2394
13.2429
13.2425
13.2425
13.2423
13.2485
13.2479
13.2483
13.2439
13.2447
13.2447
13.2447
13.2418
13.2421
13.2421
13.2419
13.2458
13.2437
13.2437
13.243
13.246
13.2458
13.2458
13.2461
13.2436
13.2443
13.2445
13.2449
13.2425
13.2431
13.2432
13.2429
13.2448
13.2431
13.2431
13.2451
13.241
13.2442
13.2442
13.2443
13.2405
13.2406
13.2407
13.2398
13.243
13.243
13.2431
13.2394
13.2404
13.2404
13.2371
13.2416
13.2393
13.2394
13.2339
13.2367
13.2367
13.2367
13.2402
13.2383
13.2383
13.2385
13.2293
13.2351
13.2351
13.2356
13.221
13.2258
13.226
13.2249
13.2315
13.2313
13.2399
13.2327
13.2327
13.2294
13.2386
13.2378
13.2378
13.2403
13.2325
13.2388
13.2388
13.2383
13.2438
13.2397
13.2397
13.2409
13.2394
13.2397
13.2397
13.2401
13.2325
13.2362
13.2362
13.2342
13.2385
13.2386
13.2383
13.241
13.2388
13.2388
13.239
13.2379
13.2386
13.2386
13.2385
13.2469
13.2452
13.2452
13.2446
13.2509
13.2477
13.2477
13.2482
13.2423
13.2427
13.2427
13.243
13.235
13.238
13.238
13.2365
13.243
13.2368
13.237
13.2414
13.2338
13.2342
13.2342
13.2339
13.2366
13.235
13.235
13.2341
13.239
13.2372
13.2372
13.2381
13.2328
13.2345
13.2345
13.2343
13.2376
13.2362
13.2362
13.2348
13.2372
13.2354
13.2354
13.235
13.2379
13.2374
13.2375
13.2379
13.2359
13.2362
13.2361
13.2359
13.2456
13.2452
13.2452
13.2443
13.2529
13.2521
13.2521
13.2528
13.2507
13.2509
13.2509
13.2495
13.262
13.261
13.261
13.2626
13.2605
13.2612
13.2612
13.2614
13.257
13.2604
13.2604
13.2618
13.2552
13.2556
13.2556
13.2576
13.2523
13.2537
13.2537
13.253
13.2549
13.2534
13.2534
13.2536
13.2488
13.2488
13.2578
13.2544
13.2544
13.2609
13.2596
13.2596
13.2614
13.2585
13.2605
13.2605
13.2611
13.2514
13.255
13.2549
13.2483
13.2556
13.255
13.255
13.254
13.2634
13.259
13.2587
13.2634
13.2575
13.2607
13.2607
13.2641
13.258
13.2582
13.2582
13.2585
13.2447
13.2491
13.2491
13.2581
13.2581
13.2536
13.2574
13.2574
13.2561
13.2659
13.2621
13.2621
13.2608
13.2631
13.2629
13.263
13.25
13.2599
13.2599
13.2612
13.2531
13.2534
13.2534
13.2517
13.2593
13.2593
13.2647
13.2575
13.2577
13.2577
13.2576
13.2622
13.2618
13.2618
13.2556
13.2573
13.2573
13.2573
13.2331
13.2351
13.2351
13.2346
13.2429
13.242
13.2419
13.2425
13.2278
13.2337
13.2337
13.2274
13.2379
13.2379
13.2367
13.2451
13.2419
13.2419
13.2395
13.256
13.253
13.253
13.2543
13.2477
13.2542
13.2542
13.2502
13.2504
13.2504
13.2493
13.2537
13.2518
13.2518
13.2527
13.243
13.2465
13.2465
13.2747
13.269
13.2691
13.2682
13.2861
13.2764
13.2768
13.2642
13.2706
13.2706
13.2774
13.261
13.2621
13.2621
13.2617
13.2702
13.2642
13.2642
13.2647
13.2568
13.2606
13.2606
13.2645
13.2528
13.2568
13.2567
13.2624
13.2528
13.26
13.26
13.2618
13.2537
13.2574
13.2574
13.2672
13.265
13.2649
13.2662
13.2572
13.2603
13.2603
13.2575
13.2682
13.2683
13.2678
13.274
13.2696
13.2696
13.2705
13.2631
13.2636
13.2636
13.2635
13.2717
13.2698
13.2698
13.2714
13.2633
13.2634
13.2633
13.2566
13.2677
13.2623
13.2622
13.2644
13.2553
13.2557
13.2557
13.2691
13.2578
13.2578
13.2649
13.2571
13.2573
13.2573
13.2565
13.2619
13.2597
13.2597
13.2542
13.2614
13.2582
13.2582
13.2569
13.2649
13.262
13.262
13.2645
13.2587
13.2626
13.2626
13.2605
13.2652
13.265
13.265
13.2677
13.2624
13.2641
13.2641
13.2647
13.2617
13.2636
13.2635
13.2634
13.2712
13.268
13.268
13.2675
13.2759
13.2755
13.2755
13.2766
13.2724
13.2742
13.2742
13.2744
13.267
13.2692
13.2692
13.2694
13.2666
13.2666
13.2682
13.266
13.2675
13.2675
13.2659
13.2719
13.2701
13.2699
13.2684
13.2718
13.2716
13.2716
13.2684
13.2807
13.2781
13.2781
13.2773
13.2843
13.28
13.2799
13.2793
13.2877
13.2852
13.2852
13.3047
13.3047
13.3096
13.2915
13.2915
13.293
13.2832
13.2876
13.2876
13.2914
13.286
13.2891
13.2891
13.2903
13.281
13.2815
13.2815
13.2824
13.2759
13.2796
13.2796
13.283
13.2709
13.271
13.271
13.2684
13.2755
13.2713
13.2713
13.2685
13.2694
13.2694
13.2736
13.2709
13.2709
13.2731
13.267
13.2676
13.2676
13.2694
13.2664
13.2675
13.2675
13.2675
13.2707
13.2685
13.2685
13.2683
13.2698
13.2691
13.2691
13.269
13.2703
13.2702
13.2701
13.2678
13.2704
13.2698
13.2698
13.267
13.271
13.2696
13.2696
13.2697
13.2672
13.2683
13.2683
13.2674
13.2739
13.2739
13.2739
13.2731
13.2821
13.2812
13.2812
13.2781
13.2818
13.2806
13.2806
13.2771
13.2867
13.2822
13.2822
13.2814
13.2857
13.2848
13.2848
13.2854
13.284
13.2842
13.2842
13.2838
13.2871
13.2871
13.2879
13.2849
13.2849
13.2849
13.2833
13.2862
13.2859
13.2859
13.2895
13.285
13.2852
13.2853
13.2852
13.2867
13.2855
13.2855
13.2854
13.2866
13.2864
13.2864
13.2859
13.2872
13.2872
13.2862
13.2901
13.2898
13.2898
13.2889
13.2967
13.2955
13.2955
13.2982
13.2889
13.2908
13.291
13.2899
13.2946
13.2942
13.2942
13.295
13.2931
13.2937
13.2937
13.2904
13.2987
13.2982
13.2982
13.2982
13.3035
13.3007
13.3007
13.3027
13.2952
13.2998
13.2998
13.2988
13.3029
13.3006
13.3006
13.2946
13.2951
13.2947
13.287
13.2877
13.2877
13.287
13.2909
13.2876
13.2876
13.2871
13.2913
13.2905
13.2905
13.2903
13.2969
13.2964
13.2964
13.2961
13.301
13.2986
13.2986
13.3014
13.2976
13.2976
13.2977
13.2933
13.2963
13.2963
13.2971
13.2921
13.2926
13.2926
13.2975
13.2968
13.2968
13.2982
13.2955
13.2968
13.2968
13.2968
13.3011
13.3005
13.3004
13.3004
13.3029
13.3019
13.3017
13.3
13.3036
13.303
13.3031
13.3055
13.3037
13.3037
13.3041
13.302
13.3027
13.3027
13.317
13.3165
13.3165
13.3139
13.3311
13.3311
13.3351
13.3247
13.3282
13.3282
13.329
13.319
13.3209
13.3209
13.3162
13.3218
13.32
13.32
13.3197
13.3268
13.3214
13.3214
13.3077
13.311
13.311
13.3107
13.3226
13.3178
13.3178
13.3177
13.3236
13.3203
13.3203
13.3185
13.3293
13.3211
13.3211
13.3213
13.3037
13.3064
13.3064
13.3123
13.3098
13.3097
13.3061
13.3071
13.3071
13.3062
13.31
13.31
13.31
13.3085
13.3129
13.3112
13.3112
13.3142
13.3087
13.3095
13.3095
13.3098
13.3071
13.3072
13.3072
13.3076
13.3032
13.3042
13.3042
13.3031
13.3054
13.3043
13.3043
13.3043
13.3109
13.3084
13.3084
13.3046
13.3066
13.3066
13.3059
13.3185
13.3162
13.3162
13.3186
13.3148
13.3155
13.3155
13.3147
13.3181
13.3172
13.3172
13.3197
13.3155
13.318
13.318
13.3197
13.3139
13.3146
13.3146
13.3155
13.3113
13.3117
13.3117
13.312
13.3083
13.3086
13.3086
13.3098
13.3056
13.3063
13.3063
13.3062
13.3083
13.3076
13.3076
13.3079
13.2936
13.2937
13.2937
13.2942
13.2877
13.2926
13.2926
13.2924
13.3015
13.3008
13.3008
13.3008
13.3033
13.3029
13.3029
13.2984
13.2987
13.2987
13.2998
13.2984
13.2989
13.2989
13.2995
13.2932
13.2934
13.2932
13.2982
13.2974
13.2974
13.298
13.2964
13.2971
13.2971
13.2954
13.2985
13.2982
13.2982
13.3004
13.2956
13.2972
13.2972
13.2978
13.2926
13.2977
13.2978
13.2977
13.3081
13.3065
13.3065
13.3089
13.3057
13.3064
13.3062
13.306
13.3092
13.3078
13.3078
13.3122
13.311
13.311
13.311
13.3147
13.3129
13.3129
13.3152
13.3106
13.312
13.3121
13.3097
13.3155
13.3115
13.3113
13.3139
13.3103
13.3116
13.3116
13.3115
13.3138
13.3125
13.3126
13.3123
13.3137
13.3124
13.3124
13.317
13.3168
13.3168
13.3165
13.3232
13.3227
13.3227
13.3225
13.3232
13.3232
13.3232
13.3223
13.3284
13.3279
13.3279
13.3294
13.3236
13.3278
13.3278
13.3296
13.3267
13.328
13.328
13.3279
13.3324
13.3294
13.3294
13.3307
13.3268
13.3271
13.3271
13.3267
13.328
13.328
