49.6895
49.67
49.6875
49.692
49.683
49.692
49.694
49.696
49.694
49.696
49.7005
49.6895
49.682
49.69
49.682
49.69
49.6885
49.6875
49.6965
49.6825
49.6915
49.759
49.69
49.6295
49.6895
49.6295
49.6895
49.6945
49.6995
49.6945
49.6995
49.7025
49.6815
49.6895
49.6895
49.6975
49.6825
49.6915
49.6985
49.6815
49.6895
49.6875
49.6855
49.6855
49.6955
49.6845
49.6955
49.7005
49.68
49.687
49.6875
49.6885
49.6875
49.6885
49.6975
49.6815
49.6905
49.8535
49.9995
49.8535
49.9995
49.991
49.999
49.991
49.999
49.983
50.0
49.983
50.0
50.0245
49.995
50.007
49.962
50.035
49.962
50.035
50.1025
50.026
50.033
50.0425
50.027
50.035
50.0435
50.031
50.043
50.0475
50.0305
50.0425
50.036
50.03
50.0415
50.025
50.032
50.035
50.037
50.035
50.037
50.0445
50.0265
50.0335
50.0385
50.0435
50.0385
50.0435
50.0475
50.0355
50.0515
50.0355
50.0415
50.0305
50.0415
50.0465
50.0275
50.0355
50.0435
50.0255
50.0315
50.0415
50.0285
50.0375
50.0445
50.0275
50.0355
50.0385
50.0415
50.0385
50.0415
50.0375
50.0335
