3.142
3.1417
3.1417
3.1385
3.1385
3.1385
3.1385
3.1385
3.1405
3.1405
3.1405
3.1389
3.1389
3.139
3.1409
3.1409
3.1393
3.1403
3.1403
3.1403
3.1404
3.1403
3.1411
3.1411
3.1408
3.1422
3.1422
3.1422
3.1418
3.1419
3.1419
3.1418
3.1423
3.1423
3.1423
3.1413
3.1413
3.1413
3.1408
3.1408
3.1409
3.1397
3.1398
3.1398
3.1393
3.1394
3.1393
3.14
3.1395
3.1395
3.1402
3.1393
3.1396
3.1396
3.1386
3.139
3.139
3.1381
3.1381
3.1395
3.1375
3.1375
3.1381
3.1364
3.1364
3.1364
3.1362
3.1362
3.1362
3.1373
3.137
3.137
3.1377
3.1357
3.1362
3.1362
3.1362
3.1362
3.1371
3.1371
3.1371
3.1368
3.1371
3.1371
3.1368
3.1371
3.1371
3.1365
3.1365
3.1365
3.1357
3.136
3.136
3.1337
3.1353
3.1353
3.1346
3.1364
3.1355
3.1355
3.1344
3.1344
3.1344
3.136
3.136
3.1361
3.1355
3.1355
3.1355
3.1355
3.1355
3.1362
3.1361
3.1361
3.1358
3.1361
3.1361
3.1358
3.1361
3.1361
3.1358
3.1365
3.1365
3.1365
3.1359
3.136
3.136
3.1364
3.1358
3.1361
3.1361
3.1353
3.1366
3.1363
3.1363
3.1364
3.1364
3.1364
3.1371
3.137
3.137
3.1364
3.1365
3.1365
3.1361
3.1372
3.1372
3.1372
3.1375
3.1369
3.1373
3.1373
3.1374
3.1367
3.1367
3.1367
3.1379
3.1379
3.137
3.137
3.137
3.137
3.137
3.137
3.1365
3.1365
3.1365
3.1369
3.1368
3.1368
3.1371
3.1371
3.1371
3.1356
3.1365
3.1365
3.1356
3.136
3.136
3.1363
3.1363
3.1362
3.1367
3.1365
3.1365
3.1362
3.1375
3.137
3.137
3.1374
3.136
3.1369
3.137
3.1372
3.136
3.136
3.136
3.137
3.137
3.137
3.1362
3.1364
3.1364
3.1363
3.1368
3.1365
3.1365
3.1352
3.1354
3.1354
3.1365
3.1354
3.1365
3.1365
3.1358
3.1358
3.1358
3.1359
3.1359
3.136
3.1351
3.1355
3.1355
3.1353
3.1361
3.1361
3.1361
3.136
3.1375
3.136
3.136
3.1358
3.136
3.136
3.1353
3.1356
3.1356
3.1353
3.1356
3.1356
3.1353
3.1356
3.1356
3.1353
3.1358
3.1355
3.1355
3.1347
3.135
3.135
3.1351
3.1341
3.1346
3.1346
3.1342
3.1343
3.1343
3.1348
3.1339
3.1343
3.1343
3.1342
3.1342
3.1342
3.135
3.135
3.135
3.1339
3.134
3.134
3.1342
3.133
3.1338
3.1338
3.134
3.134
3.134
3.1348
3.1347
3.1347
3.1344
3.1345
3.1345
3.135
3.1345
3.135
3.135
3.1352
3.1348
3.135
3.135
3.1348
3.135
3.135
3.1348
3.135
3.135
3.1348
3.135
3.135
3.1348
3.135
3.135
3.1348
3.135
3.135
3.1348
3.135
3.135
3.1348
3.135
3.135
3.1348
3.135
3.135
3.1348
3.135
3.135
3.1353
3.1347
3.135
3.135
3.1353
3.1353
3.1353
3.1356
3.1348
3.135
3.135
3.1348
3.135
3.135
3.1348
3.135
3.135
3.1348
3.135
3.135
3.1332
3.1334
3.1334
3.1348
3.1347
3.1347
3.1348
3.1332
3.1336
3.1336
3.1348
3.1348
3.1348
3.1334
3.1349
3.1349
3.1349
3.1347
3.135
3.135
3.135
3.1343
3.1346
3.1346
3.1343
3.1345
3.1345
3.1344
3.1345
3.1345
3.1347
3.1343
3.1346
3.1346
3.1343
3.1356
3.135
3.135
3.1349
3.1349
3.1349
3.1342
3.1342
3.1342
3.1342
3.1342
3.1349
3.1349
3.1349
3.1345
3.1345
3.1345
3.1353
3.1353
3.1353
3.136
3.136
3.136
3.1364
3.1353
3.1353
3.1358
3.1358
3.1358
3.1345
3.1351
3.1351
3.1353
3.1341
3.1348
3.1348
3.1343
3.1343
3.1343
3.1347
3.1347
3.1347
3.1349
3.1349
3.1349
3.1348
3.135
3.135
3.135
3.1348
3.135
3.135
3.1347
3.1348
3.1348
3.1348
3.1348
3.1352
3.1345
3.1345
3.1345
3.134
3.135
3.135
3.135
3.135
3.135
3.1356
3.1356
3.1356
3.1348
3.135
3.1348
3.1355
3.1353
3.1351
3.1355
3.1342
3.1342
3.1342
3.1348
3.134
3.1344
3.1344
3.1336
3.135
3.134
3.134
3.1329
3.1343
3.1334
3.1334
3.1333
3.1333
3.1333
3.133
3.133
3.133
3.1339
3.1339
3.1339
3.1341
3.1338
3.1341
3.1341
3.1338
3.1338
3.1341
3.1332
3.1333
3.1333
3.1332
3.1338
3.1338
3.1338
3.1339
3.1336
3.1337
3.1337
3.1336
3.1341
3.1341
3.1338
3.1343
3.1343
3.1343
3.1353
3.1353
3.1352
3.1353
3.1346
3.1346
3.1346
3.133
3.1332
3.1332
3.134
3.133
3.1334
3.1334
3.1333
3.1334
3.1334
3.1334
3.1339
3.1323
3.1323
3.1323
3.1314
3.1335
3.1335
3.1325
3.1325
3.1325
3.1315
3.1315
3.1329
3.1312
3.132
3.132
3.1316
3.1329
3.1329
3.1329
3.1326
3.1328
3.1328
3.1336
3.1333
3.1333
3.1331
3.1333
3.1333
3.1331
3.134
3.1338
3.1338
3.1331
3.1332
3.1332
3.1329
3.134
3.1339
3.1339
3.1324
3.1324
3.1314
3.1314
3.1314
3.1323
3.1323
3.1323
3.1317
3.1332
3.1325
3.1323
3.1324
3.1314
3.1315
3.1315
3.132
3.1315
3.1315
3.1315
3.13
3.13
3.1312
3.1295
3.1297
