158.46
159.8
158.75
157.41
158.46
157.41
158.46
158.46
157.485
158.7
157.485
158.625
158.625
158.7
158.7
158.7
158.7
158.7
158.7
158.8
159.14
158.9
158.92
158.9
159.0
158.95
159.025
158.9
158.925
158.925
158.965
159.065
159.0
158.985
158.99
158.92
158.935
159.0
158.9
158.95
158.925
158.9
158.97
158.9
158.89
158.9
158.8
158.79
158.75
158.84
158.8
158.775
158.8625
158.725
158.725
158.705
158.755
158.7
158.71
158.69
158.72
158.65
158.69
158.7675
158.65
158.65
158.65
158.545
158.545
158.55
158.545
158.58
158.58
158.575
158.69
158.63
158.615
158.6
158.6575
158.645
158.645
158.65
158.645
158.65
158.75
158.54
158.55
158.625
158.6
158.575
158.53
158.565
158.6
158.565
158.6
158.625
158.65
158.625
158.65
158.6
158.53
158.61
158.65
158.57
158.65
158.675
158.4
158.39
158.38
158.525
158.505
158.485
158.4675
158.33
158.33
158.33
158.1
158.17
158.185
158.1
158.25
158.2
158.2275
158.255
158.2275
158.255
158.27
158.285
158.27
158.285
158.2425
158.2
158.185
158.16
158.155
158.17
158.11
158.15
158.19
158.15
158.19
158.195
158.28
158.265
158.2
158.225
158.25
158.225
158.25
158.265
158.31
158.31
158.31
158.1
158.1
158.1
158.165
158.36
158.32
158.315
158.31
158.315
158.32
158.21
158.205
158.21
158.1
158.1
158.215
158.4
158.39
158.38
158.2975
158.24
158.2575
158.275
158.25
158.3025
158.38
158.24
158.24
158.2325
158.225
158.28
158.275
158.36
158.56
158.55
158.565
158.58
158.5
158.52
158.53
158.58
158.49
158.47
158.45
158.425
158.3
158.25
158.2
158.2
158.225
158.38
158.35
158.34
158.3
158.37
158.35
158.325
158.28
158.35
158.29
158.17
158.1
158.1
158.13
158.1
158.13
158.125
158.125
158.125
158.25
158.395
158.3725
158.3975
158.26
