1.2361
1.2359
1.2367
1.2363
1.2363
1.2358
1.2359
1.2358
1.236
1.2353
1.2353
1.2354
1.2354
1.2356
1.2355
1.2355
1.2355
1.2359
1.2358
1.2358
1.2357
1.2361
1.236
1.2359
1.2356
1.2363
1.2362
1.2362
1.2362
1.2364
1.2363
1.2363
1.236
1.2366
1.2366
1.2365
1.2368
1.2366
1.2366
1.2365
1.237
1.237
1.237
1.237
1.2365
1.2365
1.2365
1.2363
1.2366
1.2365
1.2365
1.2364
1.2367
1.2365
1.2365
1.2365
1.2367
1.2366
1.2366
1.2366
1.2367
1.2366
1.2366
1.2366
1.2369
1.2369
1.2369
1.2368
1.2374
1.237
1.2371
1.2369
1.2378
1.2378
1.2372
1.2378
1.2376
1.2376
1.2373
1.2377
1.2377
1.2377
1.2368
1.2371
1.2371
1.2372
1.2367
1.2367
1.2367
1.2367
1.2372
1.2372
1.2371
1.2374
1.2373
1.2373
1.2372
1.2375
1.2374
1.2374
1.2375
1.2373
1.2374
1.2375
1.2373
1.2373
1.2373
1.2372
1.2373
1.2373
1.2373
1.2372
1.2373
1.2373
1.2373
1.2375
1.2372
1.2373
1.2373
1.2374
1.2372
1.2373
1.2373
1.2373
1.237
1.237
1.2369
1.237
1.2368
1.2369
1.2369
1.2369
1.2367
1.2367
1.2366
1.2367
1.2367
1.2366
1.2366
1.2367
1.2366
1.2366
1.2366
1.2364
1.2365
1.2364
1.2365
1.2361
1.2361
1.2361
1.2362
1.2357
1.236
1.236
1.2358
1.236
1.2359
1.236
1.2361
1.2358
1.2358
1.2358
1.2356
1.2358
1.2358
1.2357
1.2359
1.2358
1.2358
1.2358
1.2352
1.2355
1.2355
1.2355
1.236
1.236
1.236
1.2359
1.2362
1.2361
1.2361
1.2361
1.2362
1.2362
1.2362
1.2361
1.2365
1.2363
1.2363
1.2362
1.2364
1.2363
1.2363
1.2364
1.2362
1.2363
1.2363
1.236
1.2361
1.2361
1.236
1.236
1.236
1.2361
1.2358
1.2359
1.2359
1.2358
1.2359
1.2359
1.2359
1.2359
1.2358
1.2358
1.2358
1.2358
1.2361
1.2361
1.2361
1.2361
1.2362
1.2362
1.2362
1.2363
1.2362
1.2362
1.2362
1.2361
1.2363
1.2362
1.2363
1.2359
1.2361
1.2361
1.2361
1.2362
1.2361
1.2361
1.2362
1.236
1.236
1.236
1.236
1.2361
1.2361
1.2361
1.2361
1.236
1.236
1.236
1.2358
1.2358
1.2358
1.2358
1.2359
1.2359
1.2359
1.2359
1.236
1.2359
1.2359
1.2361
1.2359
1.2359
1.2361
1.2359
1.2359
1.236
1.2358
1.2359
1.2359
1.2358
1.2359
1.2359
1.2359
1.2359
1.236
1.236
1.236
1.2361
1.2361
1.2361
1.2361
1.2364
1.2363
1.2363
1.2364
1.2361
1.2362
1.2362
1.2365
1.2361
1.2362
1.2362
1.2357
1.2357
1.2356
1.2361
1.236
1.236
1.236
1.2364
1.2363
1.2363
1.2364
1.2354
1.2355
1.2355
1.2356
1.2355
1.2356
1.2356
1.2358
1.2355
1.2355
1.2355
1.2353
1.2358
1.2355
1.2356
1.2353
1.2353
1.2353
1.2354
1.235
1.235
1.235
1.2348
1.2352
1.235
1.235
1.235
1.2359
1.2357
1.2357
1.2356
1.2359
1.2358
1.2358
1.2358
1.2361
1.2359
1.2359
1.2355
1.2356
1.2356
1.2356
1.236
1.2359
1.2359
1.2358
1.2358
1.2359
1.2349
1.235
1.235
1.2338
1.234
1.2341
1.234
1.2345
1.2343
1.2343
1.2343
1.2335
1.2337
1.2337
1.2343
1.2341
1.2341
1.2341
1.2335
1.2335
1.2335
1.2335
1.2341
1.2338
1.2338
1.2337
1.234
1.2338
1.2338
1.2337
1.2339
1.2339
1.2338
1.2339
1.2334
1.2336
1.2336
1.2336
1.2335
1.2336
1.2336
1.2337
1.2336
1.2336
1.2336
1.2337
1.2335
1.2335
1.2335
1.2335
1.2338
1.2338
1.2338
1.2337
1.2338
1.2338
1.2338
1.2337
1.2338
1.2338
1.2338
1.2345
1.2344
1.2344
1.2344
1.2346
1.2344
1.2344
1.234
1.2341
1.2341
1.2342
1.234
1.2342
1.2342
1.2341
1.2343
1.2342
1.2342
1.2338
1.2338
1.2338
1.2337
1.2341
1.2341
1.2341
1.2343
1.2341
1.2341
1.2341
1.2342
1.2335
1.2336
1.2337
1.233
1.233
1.2331
1.2331
1.2326
1.2329
1.2329
1.2334
1.2333
1.2333
1.2333
1.2335
1.2335
1.2336
1.2333
1.2333
1.2333
1.2333
1.2337
1.2337
1.2337
1.2337
1.234
1.234
1.234
1.2341
1.2341
1.2341
1.2341
1.2337
1.2338
1.2338
1.2338
1.2335
1.2335
1.2335
1.2335
1.2336
1.2336
1.2336
1.2337
1.2335
1.2336
1.2336
1.2337
1.2335
1.2335
1.2335
1.2335
1.2335
1.2335
1.2335
1.2331
1.2332
1.2332
1.2334
1.2334
1.2334
1.2332
1.2335
1.2335
1.2335
1.2335
1.2331
1.2332
1.2332
1.2332
1.233
1.233
1.233
1.2331
1.2329
1.2329
1.2329
1.2328
1.2331
1.233
1.233
1.2329
1.2334
1.2333
1.2334
1.2335
1.2333
1.2333
1.2333
1.2333
1.2334
1.2334
1.2334
1.2334
1.2333
1.2334
1.2334
1.2337
1.2336
1.2336
1.2336
1.2336
1.2336
1.2336
1.2336
1.2339
1.2337
1.2337
1.234
1.2336
1.2338
1.2338
1.2339
1.2337
1.2338
1.2338
1.2338
1.2341
1.2341
1.2341
1.2337
1.2338
1.2337
1.2337
1.2343
1.2342
1.2342
1.2342
1.2341
1.2341
1.2341
1.2346
1.2346
1.2346
1.2348
1.2345
1.2347
1.2347
1.2344
1.2344
1.2344
1.2343
1.2346
1.2346
1.2346
1.2347
1.2346
1.2346
1.2347
1.2343
1.2344
1.2343
1.2344
1.2341
1.2341
1.2341
1.2341
1.2341
1.2341
1.2341
1.2344
1.2341
1.2341
1.2338
1.2342
1.2341
1.2341
1.2344
1.2338
1.2339
1.2339
1.234
1.2336
1.2336
1.2336
1.233
1.2332
1.2333
1.2334
1.233
1.2333
1.2334
1.2336
1.2333
1.2333
1.2333
1.2333
1.2335
1.2333
1.2334
1.2333
1.2337
1.2336
1.2336
1.2335
1.2339
1.2339
1.2339
1.2337
1.2341
1.2339
1.2339
1.2341
1.2338
1.2338
1.2338
1.2339
1.234
1.2341
1.2341
1.2341
1.2342
1.234
1.234
1.2341
1.234
1.2341
1.2341
1.2341
1.234
1.2345
1.2344
1.2344
1.2345
1.234
1.2342
1.2342
1.2341
1.2344
1.2343
1.2343
1.2344
1.2342
1.2342
1.2342
1.2343
1.234
1.2342
1.2342
1.2344
1.2341
1.2342
1.2342
1.2342
1.2344
1.2344
1.2343
1.2342
1.2347
1.2346
1.2346
1.2355
1.2355
1.2355
1.2355
1.2349
1.2349
1.235
1.235
1.2349
1.2349
1.2349
1.235
1.2349
1.2349
1.2349
1.2347
1.2349
1.2349
1.2348
1.2346
1.235
1.2349
1.2348
1.2349
1.2346
1.2348
1.2348
1.2343
1.2344
1.2344
1.2344
1.2343
1.2343
1.2343
1.2346
1.2344
1.2344
1.2346
1.2342
1.2344
1.2344
1.2343
1.2346
1.2345
1.2346
1.2348
1.2344
1.2347
1.2347
1.2346
1.235
1.2349
1.2349
1.2347
1.2349
1.2349
1.2349
1.235
1.2347
1.2347
1.2345
1.235
1.2349
1.2349
1.2355
1.2355
1.2355
1.2367
1.2367
1.2367
1.2363
1.2364
1.2364
1.2364
1.2375
1.2371
1.2371
1.2374
1.2365
1.2366
1.2366
1.237
1.2365
1.2368
1.2368
1.2369
1.2366
1.2367
1.2367
1.237
1.2363
1.2365
1.2365
1.2362
1.2367
1.2365
1.2365
1.2362
1.2365
1.2364
1.2364
1.2364
1.2357
1.2358
1.2358
1.2358
1.235
1.2351
1.2351
1.235
1.2355
1.2352
1.2352
1.2348
1.2353
1.2353
1.2352
1.2354
1.235
1.2351
1.2351
1.2349
1.2356
1.2354
1.2354
1.2353
1.2356
1.2355
1.2355
1.2353
1.2358
1.2357
1.2357
1.2356
1.2361
1.2361
1.2361
1.2361
1.2356
1.2358
1.2358
1.2356
1.237
1.2368
1.2368
1.2362
1.2367
1.2367
1.2368
1.2361
1.2364
1.2364
1.2367
1.2361
1.2362
1.2362
1.2363
1.2359
1.2361
1.2361
1.2361
1.2354
1.2358
1.2358
1.2356
1.2361
1.236
1.236
1.2361
1.2351
1.2356
1.2356
1.2355
1.2359
1.2359
1.2359
1.2358
1.2362
1.2359
1.2358
1.2359
1.2351
1.2355
1.2355
1.2355
1.2348
1.2349
1.2349
1.2351
1.2348
1.2348
1.2348
1.2349
1.2344
1.2347
1.2347
1.2353
1.2353
1.2353
1.2352
1.2356
1.2356
1.2356
1.2354
1.2357
1.2356
1.2357
1.2357
1.235
1.235
1.235
1.235
1.2355
1.2354
1.2354
1.2354
1.2351
1.2352
1.2352
1.2353
1.2347
1.2347
1.2347
1.234
1.2341
1.2341
1.2341
1.2344
1.2341
1.2341
1.2338
1.2341
1.2341
1.2344
1.2344
1.2344
1.2343
1.2348
1.2348
1.2348
1.2349
1.2344
1.2344
1.2344
1.2344
1.2347
1.2345
1.2345
1.2346
1.2344
1.2345
1.2345
1.2346
1.2343
1.2344
1.2344
1.2344
1.2341
1.2341
1.2341
1.2341
1.2344
1.2343
1.2343
1.2347
1.2343
1.2346
1.2346
1.234
1.234
1.234
1.2341
1.2339
1.234
1.234
1.2341
1.2338
1.2339
1.2339
1.2336
1.2341
1.2341
1.2341
1.2338
1.2342
1.2342
1.2342
1.2342
1.2345
1.2342
1.2342
1.2338
1.2346
1.2345
1.2345
1.234
1.2343
1.2343
1.2343
1.2337
1.2342
1.2342
1.2341
1.2347
1.2346
1.2346
1.2345
1.2349
1.2347
1.2347
1.2344
1.2349
1.2348
1.2348
1.2347
1.2352
1.235
1.235
1.2355
1.2354
1.2354
1.2356
1.2352
1.2354
1.2354
1.2354
1.2357
1.2355
1.2356
1.2357
1.2355
1.2356
1.2356
1.2352
1.2355
1.2354
1.2359
1.2348
1.2348
1.2346
1.235
1.2349
1.2349
1.235
1.2347
1.2348
1.2348
1.2349
1.2337
1.2338
1.2337
1.2346
1.2346
1.2346
1.234
1.2341
1.2341
1.234
1.2342
1.2341
1.2341
1.2341
1.2346
1.2345
1.2345
1.2345
1.2348
1.2346
1.2346
1.2345
1.2347
1.2346
1.2346
1.2346
1.235
1.2349
1.2349
1.2348
1.2351
1.235
1.2351
1.2351
1.2348
1.235
1.235
1.235
1.2353
1.2353
1.2353
1.2353
1.2357
1.2356
1.2357
1.2356
1.236
1.236
1.236
1.2368
1.2367
1.2367
1.2367
1.2364
1.2365
1.2365
1.2366
1.2364
1.2364
1.2364
1.2364
1.2358
1.2359
1.2359
1.2361
1.2358
1.2359
1.2359
1.236
1.2357
1.2357
1.2357
1.2358
1.2354
1.2355
1.2355
1.2355
1.2355
1.2355
1.2355
1.2357
1.2355
1.2355
1.2355
1.2356
1.2354
1.2355
1.2355
1.2355
1.235
1.2353
1.2353
1.2353
1.2348
1.2349
1.2349
1.2348
1.2354
1.2351
1.2351
1.2353
1.235
1.2352
1.2352
1.2352
1.2349
1.2351
1.2351
1.2351
1.2348
1.2348
1.2348
1.2349
1.2346
1.2347
1.2347
1.2345
1.2352
1.2351
1.2351
1.2351
1.2347
1.2348
1.2348
1.2349
1.2347
1.2347
1.2347
1.2348
1.2344
1.2345
1.2345
1.2345
1.2352
1.2352
1.2354
1.2348
1.235
1.235
1.235
1.2356
1.2353
1.2353
1.2352
1.236
1.2359
1.2359
1.2358
1.2364
1.2363
1.2362
1.2355
1.2358
1.2358
1.2359
1.2355
1.2356
1.2356
1.2357
1.2352
1.2354
1.2355
1.2355
1.2349
1.2351
1.2351
1.236
1.2358
1.2358
1.2356
1.2362
1.2358
1.2358
1.2358
1.2364
1.2359
1.2359
1.2361
1.2356
1.2357
1.2357
1.2358
1.2353
1.2355
1.2355
1.2355
1.235
1.2355
1.2355
1.2375
1.2367
1.2367
1.2373
1.2365
1.2366
1.2366
1.2363
1.237
1.2367
1.2367
1.2365
1.2372
1.2368
1.2368
1.2369
1.2364
1.2364
1.2364
1.2359
1.236
1.236
1.2365
1.2355
1.2355
1.2355
1.2358
1.2352
1.2355
1.2355
1.2356
1.2346
1.2346
1.2346
1.2346
1.2356
1.2353
1.2353
1.2344
1.2349
1.2349
1.2349
1.2356
1.2355
1.2355
1.2353
1.2361
1.2361
1.2361
1.2362
1.2355
1.2355
1.2365
1.2362
1.2362
1.2363
1.2357
1.2359
1.2359
1.2352
1.2365
1.2364
1.2363
1.2362
1.2368
1.2367
1.2367
1.2366
1.2378
1.2369
1.2369
1.2372
1.2363
1.2363
1.2364
1.2359
1.2363
1.2363
1.2363
1.2355
1.2355
1.2355
1.235
1.2358
1.2355
1.2355
1.2355
1.2347
1.2349
1.2349
1.235
1.2343
1.2346
1.2346
1.235
1.2345
1.2347
1.2347
1.2342
1.2349
1.2347
1.2347
1.2352
1.2346
1.2346
1.2346
1.2346
1.2353
1.2352
1.2353
1.2354
1.2348
1.2349
1.2349
1.2351
1.2335
1.2337
1.2337
1.2334
1.2341
1.2336
1.2336
1.2338
1.2336
1.2337
1.2337
1.2338
1.2332
1.2336
1.2336
1.2335
1.2341
1.2338
1.2338
1.2317
1.2317
1.2312
1.2329
1.2324
1.2325
1.2325
1.2333
1.2333
1.233
1.2334
1.2333
1.2333
1.2338
1.2329
1.2329
1.2321
1.2322
1.2322
1.2321
1.2329
1.2325
1.2326
1.2327
1.2317
1.2319
1.2318
1.2315
1.2319
1.2318
1.2318
1.2319
1.2315
1.2318
1.2318
1.2316
1.232
1.232
1.232
1.2321
1.2318
1.232
1.232
1.2324
1.2321
1.2322
1.2323
1.2321
1.2321
1.2321
1.2321
1.2325
1.2324
1.2324
1.2327
1.2321
1.2324
1.2324
1.2321
1.2324
1.2324
1.2324
1.2324
1.2326
1.2325
1.2325
1.2324
1.2324
1.2326
1.2323
1.2324
1.2324
1.2326
1.2324
1.2324
1.2325
1.2325
1.2333
1.2332
1.2332
1.2335
1.2331
1.2334
1.2334
1.2332
1.2334
1.2333
1.2333
1.2333
1.2342
1.2341
1.2341
1.2342
1.2339
1.234
1.234
1.2337
1.2337
1.2337
1.2335
1.2336
1.2337
1.2337
1.2335
1.2336
1.2335
1.2335
1.2337
1.2337
1.2336
1.2337
1.2331
1.2332
1.2332
1.2331
1.2333
1.2332
1.2332
1.2332
1.2331
1.2331
1.2331
1.2329
1.2331
1.233
1.2329
1.2328
1.2333
1.2333
1.2333
1.2333
1.2337
1.2336
1.2336
1.2335
1.234
1.2337
1.2337
1.2338
1.2337
1.2337
1.2337
1.2338
1.2336
1.2337
1.2337
1.2337
1.2338
1.2338
1.2338
1.234
1.2338
1.2338
1.2338
1.234
1.2337
1.2338
1.2338
1.2339
1.2337
1.2338
1.2338
1.2337
1.2339
1.2337
1.2337
1.2337
1.234
1.2338
1.2338
1.2336
1.2339
1.2339
1.2339
1.2338
1.2341
1.234
1.234
1.2339
1.2341
1.2341
1.2341
1.2341
1.2344
1.2343
1.2343
1.2344
1.2341
1.2341
1.2341
1.2336
1.2337
1.2337
1.2336
1.2338
1.2337
1.2337
1.2337
1.2339
1.2338
1.2338
1.2336
1.2338
1.2338
1.2338
1.2338
1.234
1.2339
1.2339
1.2338
1.234
1.2339
1.2339
1.234
1.2337
1.2338
1.2338
1.234
1.2337
1.2338
1.2338
1.2337
1.234
1.2338
1.2338
1.2338
1.2341
1.234
1.234
1.2344
1.2344
1.2344
1.2345
1.2341
1.2341
1.2342
1.2345
1.234
1.234
1.234
1.2339
1.2344
1.2343
1.2343
1.2344
1.2339
1.234
1.234
1.2339
1.2343
1.234
1.234
1.2339
1.2343
1.2341
1.2341
1.2341
1.234
1.234
1.234
1.2339
1.2342
1.2341
1.2341
1.2341
1.2335
1.2339
1.2339
1.234
1.2338
1.2338
1.2338
1.2339
1.2339
1.2339
1.2337
1.2339
1.2339
1.234
1.2336
1.2337
1.2337
1.234
1.2337
1.2339
1.2339
1.234
1.2338
1.2339
1.2339
1.234
1.2335
1.2337
1.2337
1.2337
1.2338
1.2337
1.2337
1.2337
1.2335
1.2336
1.2335
1.2335
1.2338
1.2338
1.2338
1.2346
1.2344
1.2344
1.2344
1.2349
1.2345
1.2346
1.2346
1.235
1.2348
1.2348
1.2348
1.2347
1.2348
1.2348
1.2349
1.2346
1.2347
1.2347
1.2347
1.2346
1.2347
1.2347
1.2348
1.2346
1.2346
1.2346
1.2347
1.2346
1.2347
1.2346
1.2346
1.2346
1.2341
1.2342
1.2342
1.2343
1.234
1.234
1.2341
1.2341
1.2337
1.234
1.234
1.2342
1.2341
1.2341
1.2343
1.2339
1.234
1.234
1.234
1.2342
1.2341
1.2341
1.2347
1.2344
1.2344
1.2344
1.2349
1.2348
1.2348
1.2349
1.2346
1.2347
1.2347
1.2346
1.2347
1.2347
1.2347
1.235
1.2349
1.2349
1.235
1.2346
1.2348
1.2348
1.2359
1.2357
1.2357
1.2355
1.2357
1.2356
1.2356
1.2355
1.2358
1.2357
1.2357
1.2357
1.236
1.236
1.236
1.236
1.2363
1.2361
1.2361
1.2362
1.2361
1.2361
1.236
1.2361
1.2356
1.2356
1.2356
1.2358
1.2356
1.2356
1.2356
1.2357
1.2356
1.2356
1.2356
1.2358
1.2358
1.2357
1.2357
1.2361
1.2361
1.2361
1.2362
1.2357
1.2357
1.2357
1.2357
1.2358
1.2358
1.2358
1.2357
1.2358
1.2358
1.2357
1.2364
1.2363
1.2363
1.2363
1.2358
1.2358
1.2358
1.2363
1.2363
1.2363
1.2362
1.2364
1.2364
1.2364
1.2362
1.2369
1.2364
1.2364
1.2364
1.2367
1.2366
