6.0406
6.041
6.0389
6.0395
6.0395
6.0394
6.0413
6.0402
6.0402
6.0396
6.0402
6.0397
6.0397
6.0396
6.0407
6.0406
6.0406
6.0406
6.0397
6.0401
6.0401
6.0396
6.0407
6.0406
6.0406
6.0402
6.0407
6.0405
6.0405
6.0402
6.041
6.0405
6.0404
6.0403
6.0409
6.0407
6.0407
6.0408
6.0401
6.0401
6.0401
6.0398
6.041
6.0408
6.0407
6.0412
6.0402
6.0402
6.0402
6.0407
6.0397
6.0404
6.0404
6.0398
6.0408
6.0405
6.0405
6.0401
6.0413
6.0408
6.0408
6.0407
6.0412
6.0412
6.0412
6.0411
6.0418
6.0415
6.0415
6.0415
6.0411
6.0413
6.0415
6.0413
6.0442
6.044
6.044
6.0441
6.0414
6.043
6.043
6.041
6.0505
6.0497
6.0497
6.0502
6.0419
6.0419
6.0417
6.0428
6.0423
6.0423
6.042
6.0429
6.042
6.042
6.0419
6.0432
6.0428
6.0428
6.0425
6.0442
6.0437
6.0437
6.0433
6.0444
6.0439
6.0438
6.0436
6.0449
6.0445
6.0445
6.0443
6.0454
6.0449
6.0449
6.0445
6.0456
6.0453
6.0452
6.0462
6.045
6.0456
6.0456
6.046
6.0442
6.0444
6.0444
6.0447
6.044
6.0441
6.044
6.0445
6.0437
6.0439
6.0439
6.0441
6.0427
6.0435
6.0435
6.0431
6.0437
6.0432
6.0432
6.0434
6.0428
6.0431
6.0433
6.0429
6.0507
6.0474
6.0474
6.0475
6.0451
6.0463
6.0463
6.0502
6.0454
6.0459
6.046
6.0497
6.0424
6.0443
6.0443
6.0447
6.0412
6.0416
6.0416
6.0418
6.0413
6.0416
6.0416
6.0413
6.0419
6.0414
6.0414
6.041
6.0425
6.0423
6.0423
6.0423
6.0433
6.0429
6.0429
6.0433
6.0426
6.043
6.0429
6.0426
6.0432
6.0431
6.0431
6.0433
6.0424
6.0424
6.0429
6.0412
6.0417
6.0416
6.0414
6.0423
6.042
6.042
6.0422
6.0413
6.0414
6.0414
6.0419
6.0408
6.041
6.041
6.041
6.04
6.0404
6.0404
6.0401
6.041
6.0407
6.0407
6.041
6.0402
6.0405
6.0405
6.0402
6.0427
6.0421
6.0421
6.0421
6.0433
6.0431
6.0431
6.0424
6.0433
6.0429
6.0429
6.0436
6.0419
6.0433
6.0433
6.0437
6.0417
6.0421
6.0421
6.0419
6.05
6.048
6.048
6.0499
6.0409
6.0421
6.0421
6.0416
6.0451
6.044
6.0439
6.0431
6.0492
6.0467
6.0467
6.0486
6.0427
6.0431
6.0431
6.0438
6.0422
6.0422
6.0427
6.0409
6.0423
6.0423
6.042
6.0428
6.0425
6.0425
6.0428
6.0422
6.0426
6.0426
6.0418
6.0438
6.0425
6.0426
6.0427
6.0417
6.0422
6.0422
6.0425
6.0418
6.0424
6.0425
6.0424
6.0434
6.043
6.0431
6.0428
6.0451
6.0444
6.0444
6.0451
6.0442
6.0447
6.0447
6.045
6.0437
6.0438
6.0438
6.0438
6.0421
6.0421
6.0421
6.0418
6.0444
6.0438
6.0438
6.043
6.0469
6.0467
6.0467
6.0468
6.042
6.042
6.042
6.0418
6.0429
6.0428
6.0429
6.0426
6.044
6.0431
6.0431
6.0424
6.0439
6.043
6.043
6.0432
6.0419
6.0428
6.0428
6.043
6.0413
6.042
6.042
6.0413
6.0423
6.0419
6.0419
6.0423
6.0412
6.0418
6.0418
6.042
6.0414
6.0416
6.0416
6.0423
6.0414
6.0418
6.0419
6.0422
6.0412
6.0419
6.0419
6.0414
6.0423
6.0416
6.0416
6.0415
6.042
6.0415
6.0415
6.0417
6.0405
6.0408
6.0408
6.0409
6.0349
6.036
6.036
6.0359
6.0375
6.0367
6.0367
6.0375
6.0355
6.0361
6.0361
6.0353
6.0375
6.0364
6.0362
6.0352
6.0371
6.0367
6.0367
6.038
6.0365
6.037
6.037
6.037
6.0353
6.0356
6.0356
6.0365
6.0361
6.0361
6.0365
6.0349
6.0357
6.0357
6.0356
6.0364
6.0363
6.0364
6.0371
6.0362
6.0363
6.0363
6.0363
6.0378
6.0366
6.0366
6.0364
6.0372
6.0371
6.0371
6.0381
6.0364
6.0367
6.0367
6.0364
6.0369
6.0369
6.0369
6.0378
6.0369
6.0376
6.0376
6.0387
6.0371
6.0372
6.0373
6.0357
6.0359
6.0359
6.0343
6.0353
6.0353
6.0354
6.0342
6.0343
6.0343
6.0343
6.0337
6.0341
6.0341
6.0343
6.0327
6.0331
6.0331
6.0339
6.0327
6.033
6.033
6.0334
6.0302
6.0305
6.0305
6.0306
6.0285
6.0296
6.0296
6.0298
6.0283
6.0286
6.0286
6.0284
6.0301
6.0301
6.0301
6.031
6.0291
6.0306
6.0306
6.0297
6.031
6.0303
6.0303
6.0312
6.03
6.0303
6.0302
6.0301
6.0315
6.0315
6.0315
6.0328
6.0318
6.0318
6.0321
6.0312
6.0313
6.0313
6.0316
6.0301
6.0308
6.0308
6.0306
6.0326
6.0319
6.0318
6.0318
6.0332
6.033
6.033
6.0334
6.0326
6.0331
6.0331
6.0333
6.0321
6.0324
6.0324
6.0305
6.0311
6.0311
6.0308
6.0324
6.0322
6.0327
6.0303
6.0312
6.0311
6.0314
6.0295
6.0296
6.0296
6.0284
6.0312
6.031
6.0308
6.0305
6.0317
6.0308
6.0308
6.0314
6.0305
6.0308
6.0308
6.0306
6.0323
6.0319
6.0323
6.0326
6.0311
6.0312
6.0315
6.0317
6.0309
6.0316
6.0316
6.032
6.0308
6.031
6.0311
6.0309
6.0326
6.032
6.032
6.0325
6.0313
6.0317
6.0317
6.0323
6.0311
6.0316
6.0318
6.0315
6.0327
6.0321
6.0321
6.0319
6.0327
6.0324
6.0325
6.0322
6.0333
6.033
6.033
6.0334
6.0322
6.0324
6.0324
6.0322
6.0336
6.0329
6.0329
6.0336
6.0313
6.0321
6.0321
6.0317
6.0327
6.0325
6.0325
6.0335
6.0315
6.032
6.032
6.0316
6.0327
6.032
6.032
6.0319
6.0342
6.0339
6.0339
6.0346
6.0333
6.0333
6.0333
6.0325
6.0338
6.0336
6.0336
6.0339
6.0314
6.0315
6.0316
6.0312
6.0319
6.0318
6.0318
6.0329
6.0313
6.0315
6.0315
6.0316
6.0304
6.0309
6.0309
6.0314
6.0304
6.0308
6.0309
6.0302
6.0315
6.0311
6.0311
6.0318
6.0296
6.0307
6.0308
6.0296
6.0312
6.031
6.0321
6.0303
6.0308
6.0309
6.0305
6.0322
6.032
6.032
6.0316
6.034
6.0335
6.0335
6.0335
6.0314
6.0318
6.0318
6.0318
6.034
6.0334
6.0335
6.0345
6.0328
6.0328
6.0328
6.0334
6.0319
6.0322
6.0322
6.0324
6.0297
6.0318
6.0318
6.0314
6.0327
6.0318
6.0319
6.0322
6.0308
6.032
6.0321
6.0316
6.0332
6.0328
6.0328
6.0324
6.034
6.0335
6.0335
6.0332
6.0353
6.0348
6.0348
6.0345
6.0361
6.0353
6.0353
6.0359
6.0335
6.0338
6.0338
6.033
6.0344
6.0339
6.0339
6.0339
6.036
6.0351
6.0351
6.0348
6.0413
6.0413
6.0409
6.0462
6.0461
6.0461
6.044
6.0466
6.0449
6.0449
6.0444
6.0461
6.046
6.046
6.0456
6.0475
6.0465
6.0465
6.0461
6.0473
6.0473
6.0473
6.0467
6.0493
6.0483
6.0483
6.0484
6.0463
6.047
6.047
6.0444
6.0503
6.0502
6.0502
6.0532
6.0475
6.0515
6.0515
6.0496
6.0524
6.0522
6.0522
6.0555
6.0511
6.0517
6.0517
6.0524
6.0506
6.0514
6.0513
6.0517
6.0496
6.0502
6.0502
6.0495
6.0511
6.0501
6.0501
6.0507
6.0474
6.0474
6.0474
6.048
6.0439
6.0446
6.0446
6.0424
6.0457
6.0443
6.0443
6.0377
6.0382
6.0382
6.0405
6.0377
6.0389
6.0389
6.0369
6.0391
6.0388
6.0388
6.0387
6.0434
6.0416
6.0416
6.0447
6.0438
6.0438
6.0446
6.0405
6.0414
6.0414
6.0412
6.0429
6.0417
6.0417
6.043
6.041
6.0415
6.0415
6.0405
6.0437
6.0425
6.0425
6.0408
6.0426
6.0413
6.0413
6.0416
6.0379
6.0379
6.0379
6.0369
6.0404
6.0388
6.0388
6.0387
6.0428
6.0415
6.0415
6.0394
6.043
6.043
6.043
6.043
6.0452
6.0449
6.0449
6.0449
6.0476
6.0474
6.0474
6.0477
6.0454
6.0463
6.0463
6.0448
6.0473
6.0473
6.0469
6.0499
6.0496
6.0497
6.0503
6.0471
6.0481
6.0481
6.047
6.0524
6.0514
6.0514
6.0514
6.0544
6.0533
6.0533
6.0553
6.0517
6.0532
6.0532
6.054
6.0503
6.0503
6.05
6.0535
6.0527
6.0527
6.0528
6.0481
6.0492
6.0492
6.048
6.0496
6.0495
6.0495
6.0502
6.0413
6.043
6.043
6.0428
6.0459
6.0458
6.0458
6.0447
6.0467
6.0462
6.0462
6.0473
6.0432
6.0452
6.0452
6.046
6.0437
6.0439
6.0438
6.0438
6.0468
6.0452
6.0452
6.0447
6.0468
6.0455
6.0455
6.0508
6.0502
6.0502
6.0513
6.0486
6.0486
6.0486
6.0494
6.0459
6.047
6.047
6.0475
6.0448
6.0448
6.0443
6.0474
6.046
6.046
6.0482
6.0446
6.045
6.045
6.0454
6.0441
6.0447
6.0447
6.0447
6.0408
6.0438
6.0438
6.043
6.0468
6.0468
6.0465
6.0488
6.048
6.048
6.0514
6.0508
6.0508
6.0494
6.0533
6.0532
6.0531
6.0533
6.0504
6.0506
6.0506
6.0504
6.0546
6.0529
6.0529
6.0543
6.0523
6.0528
6.0528
6.0528
6.0506
6.0509
6.0509
6.0512
6.0495
6.0509
6.0509
6.0521
6.0497
6.0499
6.05
6.0497
6.0513
6.0506
6.0506
6.0506
6.0478
6.0479
6.0479
6.0468
6.05
6.0487
6.0487
6.0497
6.0463
6.0472
6.0472
6.0472
6.0443
6.0455
6.0455
6.0459
6.0431
6.0449
6.0449
6.0472
6.0433
6.0434
6.0434
6.0404
6.0446
6.0437
6.0437
6.0438
6.0341
6.0375
6.0375
6.0364
6.041
6.041
6.041
6.0402
6.0447
6.0434
6.0434
6.0433
6.048
6.0477
6.0477
6.0478
6.0435
6.0466
6.0466
6.0468
6.0445
6.0445
6.0445
6.0459
6.0403
6.0409
6.0409
6.0418
6.0396
6.0402
6.0402
6.0386
6.041
6.041
6.041
6.0404
6.0426
6.0419
6.0419
6.0419
6.0393
6.0393
6.0393
6.039
6.0428
6.0424
6.0424
6.042
6.0446
6.0438
6.0438
6.0428
6.0441
6.0436
6.0436
6.0449
6.0394
6.0395
6.0395
6.0394
6.0423
6.0422
6.0422
6.0429
6.0391
6.0402
6.0402
6.0407
6.0396
6.0397
6.0397
6.0415
6.0392
6.0397
6.0397
6.0407
6.038
6.0388
6.0388
6.0388
6.0405
6.0394
6.0394
6.0408
6.0391
6.0392
6.0392
6.0394
6.0382
6.0388
6.0387
6.0389
6.036
6.0361
6.0361
6.0359
6.0379
6.0368
6.0368
6.0381
6.0353
6.0372
6.0372
6.0356
6.0375
6.0367
6.0367
6.0362
6.0388
6.0379
6.0379
6.0383
6.0356
6.0369
6.0369
6.0365
6.0385
6.0373
6.0373
6.0377
6.0346
6.0352
6.0352
6.0347
6.0364
6.036
6.036
6.0351
6.0387
6.0378
6.0378
6.0363
6.0372
6.0372
6.0379
6.0358
6.0365
6.0365
6.0364
6.0379
6.0379
6.0379
6.0379
6.0392
6.0383
6.0383
6.0391
6.0371
6.0387
6.0387
6.0396
6.037
6.039
6.039
6.0388
6.0435
6.0423
6.0423
6.0433
6.0413
6.0422
6.0423
6.0434
6.0418
6.0425
6.0424
6.0417
6.0438
6.0436
6.0436
6.0476
6.0411
6.0411
6.0411
6.041
6.0445
6.0438
6.0438
6.0441
6.0422
6.0427
6.0427
6.043
6.0419
6.042
6.042
6.042
6.038
6.0385
6.0385
6.0382
6.0412
6.0395
6.0397
6.0403
6.0355
6.0372
6.0371
6.0387
6.0357
6.0367
6.0367
6.0363
6.0387
6.0381
6.0381
6.0381
6.0368
6.0371
6.0371
6.0372
6.0286
6.0289
6.0289
6.0287
6.0318
6.0316
6.0316
6.0283
6.032
6.0312
6.0312
6.0329
6.0284
6.031
6.031
6.0305
6.0376
6.0365
6.0365
6.0361
6.0418
6.0408
6.0408
6.0414
6.0377
6.0391
6.0391
6.0405
6.0374
6.0376
6.0377
6.0394
6.0365
6.0374
6.0374
6.0378
6.0353
6.037
6.037
6.0367
6.0471
6.0451
6.0451
6.0451
6.0507
6.048
6.0478
6.0483
6.0467
6.0472
6.0472
6.0458
6.0506
6.0463
6.0463
6.0487
6.0435
6.0437
6.0437
6.0443
6.0351
6.0351
6.0351
6.0378
6.0292
6.0292
6.0292
6.0308
6.0284
6.0297
6.0298
6.0306
6.024
6.024
6.024
6.0233
6.0284
6.0276
6.0276
6.0274
6.0303
6.029
6.029
6.0286
6.0348
6.0347
6.0347
6.0342
6.0389
6.0386
6.0386
6.039
6.0357
6.0361
6.0361
6.0352
6.038
6.0371
6.037
6.0373
6.0307
6.0309
6.0308
6.042
6.0413
6.0413
6.0407
6.0444
6.042
6.042
6.044
6.039
6.0394
6.0395
6.0389
6.0437
6.0391
6.0391
6.0393
6.0352
6.0377
6.0376
6.037
6.0408
6.0397
6.0397
6.0441
6.0434
6.0434
6.0436
6.038
6.0394
6.0394
6.0395
6.036
6.0382
6.0382
6.0392
6.035
6.0363
6.0363
6.0354
6.0385
6.0381
6.0381
6.0407
6.0371
6.0376
6.0376
6.0363
6.0388
6.0388
6.0388
6.0377
6.0398
6.039
6.039
6.0395
6.0365
6.0376
6.0376
6.0369
6.0396
6.0388
6.0388
6.0369
6.0374
6.0374
6.0371
6.0411
6.0388
6.0388
6.0388
6.032
6.0325
6.0325
6.0325
6.0143
6.0149
6.0149
6.0144
6.0202
6.0163
6.0163
6.0163
6.0214
6.0212
6.0212
6.0196
6.0252
6.0251
6.0251
6.027
6.0233
6.0233
6.0234
6.018
6.0197
6.0197
6.0195
6.0256
6.0234
6.0234
6.0223
6.0259
6.024
6.024
6.0195
6.0245
6.0239
6.0239
6.0254
6.0231
6.0246
6.0246
6.0245
6.0266
6.0258
6.0258
6.0263
6.0228
6.0234
6.0234
6.0249
6.0219
6.0221
6.0222
6.0221
6.0255
6.0242
6.0242
6.024
6.0267
6.0249
6.0249
6.0256
6.023
6.0233
6.0233
6.0234
6.0196
6.0209
6.0209
6.0217
6.0191
6.0195
6.0195
6.0178
6.0217
6.0214
6.0214
6.0207
6.0236
6.0224
6.0225
6.0228
6.0204
6.0213
6.0213
6.0202
6.0234
6.0232
6.0232
6.0227
6.0247
6.024
6.024
6.025
6.023
6.024
6.024
6.0238
6.0266
6.0259
6.0259
6.0265
6.0254
6.0255
6.0255
6.0262
6.0249
6.0249
6.0245
6.0254
6.0255
6.0253
6.0263
6.0257
6.0257
6.0261
6.0246
6.0248
6.0248
6.0247
6.0269
6.0258
6.0258
6.0257
6.0284
6.0268
6.0269
6.0272
6.0256
6.026
6.026
6.026
6.0245
6.0248
6.0248
6.0243
6.0252
6.0247
6.0247
6.0241
6.0255
6.0249
6.0248
6.0246
6.0258
6.0253
6.0253
6.0249
6.0262
6.0261
6.0261
6.0259
6.0279
6.0275
6.0275
6.0278
6.0248
6.0254
6.0253
6.0267
6.0262
6.0261
6.0268
6.0249
6.0255
6.0255
6.0259
6.0248
6.0255
6.0254
6.0258
6.0239
6.0245
6.0245
6.0239
6.0252
6.0251
6.0251
6.0241
6.0256
6.0254
6.0253
6.0252
6.0267
6.0259
6.0259
6.0255
6.0267
6.0267
6.0267
6.0275
6.0244
6.0254
6.0254
6.0257
6.0245
6.0246
6.0246
6.0249
6.0242
6.0244
6.0244
6.0243
6.0251
6.0247
6.0247
6.0245
6.0256
6.0254
6.0254
6.0256
6.024
6.0244
6.0244
6.0258
6.0251
6.0251
6.025
6.0257
6.0254
6.0254
6.0257
6.0243
6.0252
6.0252
6.0254
6.0246
6.0247
6.0246
6.0256
6.0243
6.0247
6.0247
6.0243
6.0262
6.026
6.0261
6.026
6.0272
6.0264
6.0264
6.0263
6.0282
6.0281
6.0281
6.028
6.0298
6.0286
6.0286
6.0281
6.0319
6.031
6.031
6.0313
6.0285
6.0286
6.0286
6.0285
6.0293
6.0289
6.0289
6.0286
6.0313
6.0298
6.0298
6.0298
6.032
6.0311
6.0311
6.0313
6.0285
6.0289
6.0287
6.0289
6.0253
6.0263
6.0263
6.0264
6.0255
6.0257
6.0257
6.0267
6.0266
6.0266
6.0275
6.0263
6.0267
6.0267
6.0267
6.0246
6.0247
6.0247
6.0246
6.0257
6.0252
6.0252
6.0254
6.0243
6.0246
6.0246
6.0238
6.0247
6.0245
6.0245
6.0249
6.0244
6.0246
6.0246
6.0239
6.0251
6.0242
6.0242
6.0238
6.0249
6.0248
6.0247
6.0262
6.0245
6.0246
6.0246
6.0254
6.024
6.0247
6.0247
6.0246
6.0261
6.0258
6.0258
6.0262
6.0253
6.026
6.026
6.0258
6.0267
6.0267
6.0267
6.0269
6.0256
6.0258
6.0258
6.0262
6.0248
6.0248
6.0248
6.0246
6.0261
6.026
6.026
6.0262
6.0255
6.0257
6.0257
6.0258
6.0243
6.0249
6.0249
6.0252
6.0233
6.0236
6.0236
6.0231
6.0245
6.0245
6.0244
6.0243
6.0251
6.0248
6.0247
6.0259
6.0246
6.025
6.0249
6.0253
6.0237
6.0241
6.0241
6.0264
6.0236
6.0238
6.0236
6.0258
6.0254
6.0254
6.025
6.0268
6.0261
6.0261
6.0267
6.0247
6.0253
6.0253
6.0249
6.0272
6.0272
6.0272
6.0268
6.0289
6.0279
6.0278
6.0275
6.0298
6.0284
6.0283
6.0287
6.0272
6.0276
6.0275
6.0278
6.0257
6.0262
6.0262
6.0268
6.0253
6.0258
6.0258
6.0255
6.0268
6.0262
6.0262
6.0269
6.0257
6.026
6.026
6.0263
6.0239
6.0245
6.0245
6.0249
6.0234
6.0239
6.0239
6.0236
6.0247
6.0244
6.0244
6.024
6.0253
6.025
6.025
6.0252
6.0238
6.0247
6.0247
6.0247
6.0257
6.0253
6.0254
6.0257
6.0246
6.025
6.025
6.0249
6.0263
6.0262
6.0262
6.0261
6.027
6.0266
6.0266
6.0261
6.0272
6.027
6.027
6.0267
6.0277
6.0272
6.0272
6.0268
6.0276
6.0272
6.0272
6.0273
6.0251
6.0251
6.0247
6.0272
6.0272
