3.3535
3.3535
3.3527
3.3516
3.3544
3.3549
3.3511
3.3506
3.3478
3.3468
3.3458
3.3526
3.3516
3.3516
3.3512
3.3525
3.3525
3.3525
3.352
3.3524
3.3524
3.3528
3.3521
3.3522
3.3522
3.3522
3.3528
3.3529
3.3522
3.3523
3.3523
3.352
3.3531
3.3524
3.3524
3.352
3.3526
3.3521
3.3521
3.3523
3.3517
3.3518
3.3518
3.3512
3.3512
3.3512
3.3504
3.3511
3.3511
3.3512
3.351
3.3511
3.3511
3.3517
3.3509
3.3511
3.3511
3.351
3.352
3.3518
3.3518
3.3525
3.3517
3.3521
3.3523
3.3498
3.355
3.3548
3.3548
3.3528
3.3564
3.3549
3.355
3.3564
3.3515
3.3528
3.3527
3.3549
3.3495
3.3497
3.3497
3.3493
3.3552
3.3496
3.3496
3.349
3.3538
3.3505
3.3504
3.3529
3.3484
3.3512
3.3513
3.3513
3.3508
3.3508
3.3509
3.3509
3.3517
3.3511
3.3511
3.3507
3.3512
3.3512
3.3511
3.3512
3.3492
3.3505
3.3505
3.3515
3.3493
3.3507
3.3507
3.349
3.3522
3.3507
3.3507
3.3488
3.3514
3.3512
3.3512
3.3487
3.3519
3.3502
3.3502
3.3491
3.3516
3.3504
3.3501
3.3497
3.3511
3.351
3.3505
3.3502
3.3513
3.3505
3.3505
3.3509
3.3497
3.3501
3.3501
3.351
3.3496
3.3507
3.3507
3.3506
3.3515
3.351
3.3511
3.352
3.3511
3.3512
3.3513
3.352
3.3504
3.3506
3.3506
3.3505
3.3515
3.3513
3.3518
3.3505
3.3509
3.3509
3.3506
3.3517
3.3513
3.3513
3.3519
3.3507
3.3513
3.3514
3.3505
3.3519
3.3513
3.3513
3.3515
3.3499
3.3511
3.3512
3.3515
3.35
3.3506
3.3506
3.3498
3.351
3.3506
3.3512
3.35
3.3507
3.3507
3.3511
3.3496
3.3496
3.3504
3.3488
3.3498
3.3501
3.3487
3.3495
3.3495
3.3493
3.3516
3.3512
3.3512
3.3519
3.3505
3.3509
3.3513
3.3508
3.353
3.3524
3.3524
3.3521
3.3532
3.353
3.3527
3.353
3.3508
3.3512
3.3512
3.3516
3.3493
3.35
3.35
3.35
3.3533
3.3529
3.3529
3.3521
3.3535
3.3534
3.3534
3.3536
3.3487
3.3489
3.3489
3.3484
3.3554
3.3519
3.3519
3.3522
3.3472
3.3476
3.3476
3.3465
3.3534
3.3503
3.3503
3.3476
3.3532
3.3483
3.3483
3.3478
3.3563
3.3523
3.3523
3.3549
3.3507
3.3517
3.3517
3.3519
3.3502
3.3511
3.3508
3.3495
3.3511
3.3511
3.3511
3.3514
3.3499
3.3505
3.3505
3.3497
3.3511
3.3508
3.3506
3.3496
3.3511
3.3508
3.3508
3.3506
3.354
3.3538
3.3538
3.3558
3.3509
3.3515
3.3515
3.3529
3.3501
3.3503
3.3506
3.3528
3.35
3.3509
3.3509
3.3504
3.3532
3.3529
3.3527
3.3563
3.3526
3.3542
3.3542
3.3533
3.3556
3.3556
3.3575
3.3506
3.3509
3.3509
3.3504
3.3515
3.3509
3.3509
3.3501
3.3532
3.3516
3.3516
3.3533
3.3495
3.3497
3.3497
3.3495
3.3539
3.3539
3.3539
3.3547
3.3532
3.3538
3.3538
3.3562
3.3527
3.3534
3.3534
3.3577
3.352
3.3526
3.3526
3.3556
3.3519
3.3531
3.3531
3.3577
3.3518
3.3526
3.3526
3.3535
3.352
3.3522
3.3522
3.3512
3.358
3.3525
3.3525
3.3572
3.3504
3.351
3.351
3.3525
3.3506
3.3508
3.3509
3.3502
3.3542
3.354
3.3539
3.3498
3.3563
3.3539
3.3539
3.3512
3.3565
3.3563
3.3563
3.3562
3.3578
3.3574
3.3574
3.3588
3.3525
3.3577
3.3577
3.3583
3.3565
3.3572
3.3579
3.3551
3.3558
3.3558
3.3553
3.3566
3.3564
3.3564
3.3567
3.3558
3.356
3.356
3.3567
3.3555
3.3558
3.3558
3.3554
3.3571
3.3565
3.3565
3.3575
3.3562
3.3563
3.3563
3.3566
3.3554
3.356
3.356
3.3565
3.3557
3.3558
3.3558
3.356
3.3548
3.3553
3.3553
3.3543
3.3554
3.3551
3.3551
3.3541
3.3554
3.3551
3.3543
3.3552
3.3538
3.3548
3.354
3.3548
3.3539
3.354
3.354
3.3548
3.3539
3.3539
3.3539
3.3539
3.3557
3.3556
3.3556
3.3547
3.3557
3.3554
3.3554
3.3548
3.3568
3.3568
3.3568
3.3569
3.3556
3.3564
3.3564
3.3571
3.356
3.3565
3.3565
3.3572
3.3549
3.3559
3.356
3.3553
3.3568
3.356
3.356
3.3569
3.3548
3.3559
3.3559
3.3549
3.3563
3.3557
3.3557
3.3572
3.3545
3.3552
3.3552
3.3537
3.3561
3.3547
3.3547
3.3535
3.356
3.3548
3.3548
3.36
3.3533
3.3575
3.3574
3.3581
3.3567
3.3575
3.3575
3.3581
3.3528
3.3559
3.3557
3.3557
3.3575
3.3557
3.3557
3.3574
3.3557
3.3568
3.3568
3.3575
3.3558
3.3559
3.3559
3.3557
3.3567
3.3564
3.3564
3.3568
3.356
3.3563
3.3563
3.3558
3.3575
3.3573
3.3574
3.3564
3.3578
3.3572
3.3572
3.3559
3.356
3.356
3.3571
3.3569
3.3568
3.3574
3.3564
3.3567
3.3567
3.3575
3.3567
3.3568
3.3568
3.3565
3.3574
3.3574
3.3574
3.3576
3.3568
3.3572
3.3572
3.3576
3.3544
3.3566
3.356
3.3571
3.3541
3.3549
3.3549
3.354
3.3553
3.355
3.3547
3.3541
3.3554
3.3551
3.3555
3.3554
3.3574
3.3569
3.3569
3.3567
3.3574
3.3572
3.3568
3.3567
3.3583
3.3572
3.3581
3.3572
3.3572
3.357
3.3577
3.3563
3.3572
3.3572
3.359
3.3567
3.357
3.3575
3.3581
3.3545
3.3552
3.3552
3.3548
3.3559
3.3553
3.3553
3.3553
3.3562
3.3557
3.3557
3.3557
3.3567
3.3565
3.3565
3.3559
3.3571
3.3569
3.3569
3.3574
3.3552
3.3555
3.3555
3.3561
3.3554
3.3555
3.3555
3.3554
3.3565
3.3565
3.3562
3.3571
3.3568
3.3568
3.3567
3.3574
3.3569
3.357
3.3531
3.3583
3.3537
3.3537
3.3536
3.3582
3.3567
3.3568
3.3571
3.3541
3.354
3.3506
3.3549
3.3524
3.3524
3.3519
3.355
3.3526
3.3526
3.3526
3.3562
3.355
3.3556
3.3561
3.3546
3.355
3.3551
3.3559
3.3544
3.3555
3.3549
3.3574
3.3533
3.3571
3.3571
3.3566
3.3577
3.3577
3.3575
3.3585
3.3581
3.3583
3.3582
3.3592
3.3583
3.3586
3.3588
3.358
3.3581
3.3582
3.3586
3.3578
3.3579
3.358
3.3582
3.3573
3.3574
3.3575
3.3573
3.3578
3.3578
3.3577
3.3553
3.3653
3.3632
3.3632
3.3651
3.3538
3.3569
3.357
3.3572
3.3517
3.3519
3.3519
3.3491
3.3569
3.3569
3.3568
3.3552
3.358
3.3574
3.3573
3.3569
3.3609
3.3598
3.3598
3.3609
3.3592
3.36
3.36
3.3619
3.3583
3.3585
3.3585
3.3586
3.3574
3.3585
3.3585
3.3605
3.3596
3.3596
3.3587
3.3627
3.3615
3.3615
3.3622
3.3601
3.361
3.361
3.3604
3.3647
3.3627
3.3628
3.3628
3.3617
3.3619
3.3619
3.3616
3.3655
3.3653
3.3653
3.3664
3.3641
3.3641
3.3625
3.3641
3.3641
3.3682
3.3682
3.3681
3.3688
3.3683
3.3683
3.3681
3.3725
3.3725
3.3725
3.3709
3.3739
3.3712
3.3712
3.3714
3.369
3.3704
3.3704
3.3708
3.3685
3.3696
3.3696
3.3696
3.366
3.3671
3.3671
3.3676
3.3643
3.3653
3.3653
3.3634
3.3635
3.3635
3.3634
3.3645
3.3639
3.3639
3.3642
3.3629
3.3635
3.3635
3.3639
3.3608
3.362
3.362
3.3627
3.3604
3.3607
3.3607
3.3606
3.3637
3.3634
3.3634
3.3632
3.3647
3.3642
3.3642
3.3639
3.3667
3.365
3.365
3.3646
3.366
3.366
3.366
3.365
3.3663
3.3657
3.3657
3.3658
3.3613
3.3618
3.3618
3.3616
3.3637
3.3635
3.3635
3.3635
3.3592
3.3592
3.3592
3.3587
3.3598
3.3597
3.3597
3.3611
3.3593
3.3605
3.3605
3.3611
3.3599
3.3605
3.3605
3.3603
3.3626
3.3624
3.3624
3.3627
3.36
3.3609
3.3609
3.3654
3.3653
3.3653
3.3654
3.3628
3.3631
3.3631
3.3656
3.3653
3.3653
3.3661
3.3646
3.3656
3.3656
3.3656
3.3674
3.3668
3.3668
3.3665
3.3682
3.3674
3.3674
3.3674
3.3697
3.3685
3.3685
3.3685
3.3708
3.3704
3.3704
3.3703
3.3732
3.3725
3.3725
3.3728
3.3701
3.3716
3.3716
3.3708
3.3735
3.3718
3.3718
3.3715
3.374
3.3732
3.3731
3.3721
3.3739
3.3729
3.3729
3.3721
3.3738
3.3734
3.3734
3.3736
3.3706
3.3709
3.3709
3.3715
3.3699
3.3711
3.3711
3.3706
3.3805
3.3795
3.3795
3.3736
3.3739
3.3739
3.3739
3.3716
3.3717
3.3717
3.3717
3.3686
3.3702
3.3702
3.3694
3.3716
3.3716
3.3708
3.3739
3.3725
3.3725
3.3754
3.3721
3.3721
3.371
3.3738
3.3723
3.3723
3.3679
3.3696
3.3696
3.3701
3.3683
3.3683
3.3682
3.3709
3.3704
3.3704
3.3702
3.3724
3.3723
3.3723
3.3726
3.3705
3.3709
3.3709
3.3691
3.3692
3.3692
3.3693
3.3658
3.3667
3.3667
3.3629
3.3641
3.3641
3.3635
3.3659
3.3651
3.3651
3.3668
3.3634
3.3647
3.3647
3.3651
3.3608
3.3609
3.3609
3.3639
3.3632
3.3632
3.3629
3.368
3.3681
3.3677
3.3706
3.37
3.37
3.37
3.366
3.3666
3.3666
3.3668
3.3652
3.3654
3.3654
3.3653
3.3685
3.3665
3.3665
3.3663
3.3698
3.3694
3.3695
3.3695
3.3673
3.3677
3.3677
3.3712
3.3694
3.3694
3.3688
3.3696
3.3691
3.3691
3.3687
3.3696
3.369
3.369
3.3691
3.3666
3.3666
3.3673
3.3636
3.3642
3.3642
3.3643
3.3615
3.3618
3.3618
3.3634
3.361
3.361
3.3608
3.3643
3.3638
3.3638
3.3643
3.3587
3.3587
3.3587
3.3577
3.3626
3.3626
3.3628
3.3612
3.3619
3.3619
3.3626
3.3609
3.3619
3.3619
3.3618
3.3676
3.3675
3.3675
3.3678
3.3643
3.3645
3.3645
3.3638
3.3652
3.3641
3.3641
3.3644
3.3611
3.3619
3.3619
3.3621
3.3611
3.3611
3.3623
3.359
3.3593
3.3593
3.3595
3.3578
3.3584
3.3584
3.3586
3.3554
3.3559
3.3559
3.3554
3.3578
3.3578
3.3578
3.3562
3.3567
3.3567
3.3564
3.3603
3.36
3.36
3.3605
3.3598
3.3601
3.3601
3.3601
3.3628
3.3621
3.362
3.363
3.3603
3.3606
3.3606
3.3602
3.3619
3.3619
3.3619
3.3608
3.363
3.3628
3.3629
3.3628
3.3642
3.3641
3.3641
3.3652
3.3635
3.3636
3.3636
3.3628
3.3656
3.3647
3.3647
3.3637
3.3653
3.3652
3.3652
3.3659
3.3635
3.3637
3.3637
3.3632
3.3672
3.3663
3.3663
3.3667
3.3657
3.3658
3.3658
3.3658
3.3635
3.3648
3.3647
3.3661
3.3643
3.3652
3.3652
3.3652
3.3671
3.367
3.367
3.3671
3.3642
3.3643
3.3643
3.3627
3.3658
3.3658
3.3658
3.3656
3.3686
3.368
3.368
3.3679
3.3704
3.3691
3.3691
3.3682
3.3705
3.3705
3.3714
3.3689
3.3691
3.3691
3.3691
3.3664
3.367
3.367
3.367
3.3651
3.3658
3.3658
3.366
3.365
3.3652
3.3651
3.366
3.3649
3.3656
3.3656
3.366
3.3645
3.3658
3.3658
3.3657
3.3679
3.3662
3.3662
3.3662
3.3633
3.3633
3.3633
3.363
3.3638
3.3638
3.3638
3.3635
3.3656
3.3645
3.3645
3.3648
3.3633
3.3634
3.3634
3.3663
3.3661
3.3661
3.3644
3.3648
3.3648
3.364
3.3653
3.3652
3.3652
3.3652
3.3713
3.3703
3.3703
3.3677
3.3683
3.3683
3.3683
3.3665
3.3681
3.3681
3.3678
3.3692
3.3682
3.3682
3.3695
3.3676
3.3681
3.3681
3.3671
3.3694
3.3693
3.3693
3.3697
3.369
3.369
3.369
3.3691
3.3635
3.3636
3.3636
3.364
3.3616
3.3621
3.3621
3.3615
3.3629
3.3625
3.3625
3.3649
3.3648
3.3648
3.3649
3.3597
3.36
3.36
3.3608
3.3578
3.358
3.358
3.3561
3.3588
3.3573
3.3573
3.3573
3.361
3.3606
3.3606
3.3619
3.3587
3.3587
3.3587
3.3602
3.3597
3.3597
3.3616
3.3588
3.3592
3.3592
3.3603
3.3584
3.3594
3.3594
3.3604
3.3588
3.3591
3.3591
3.3593
3.3562
3.3565
3.3565
3.3565
3.3594
3.3574
3.3574
3.3566
3.3578
3.3574
3.3574
3.3573
3.3577
3.3574
3.3574
3.3555
3.3578
3.3575
3.3575
3.3571
3.358
3.358
3.358
3.3578
3.3585
3.3581
3.3581
3.3579
3.361
3.3603
3.3603
3.3602
3.3613
3.3611
3.3611
3.3612
3.3601
3.3607
3.3607
3.3624
3.3606
3.3616
3.3616
3.3608
3.3627
3.3622
3.3622
3.3628
3.3612
3.3625
3.3625
3.3628
3.3605
3.3605
3.3605
3.3585
3.3587
3.3587
3.3592
3.3571
3.358
3.358
3.3579
3.3626
3.3611
3.3609
3.3649
3.3597
3.3601
3.3601
3.361
3.36
3.3602
3.3601
3.3603
3.3594
3.36
3.36
3.3607
3.359
3.359
3.359
3.3584
3.3602
3.36
3.36
3.36
3.3613
3.361
3.361
3.363
3.3599
3.36
3.36
3.3601
3.3568
3.3574
3.3574
3.357
3.3579
3.3578
3.3578
3.3578
3.3593
3.3591
3.3591
3.3591
3.3609
3.3603
3.3603
3.3601
3.3613
3.3609
3.3609
3.3611
3.3601
3.3602
3.3602
3.3592
3.3596
3.3596
3.3601
3.3591
3.3591
3.3596
3.3578
3.3582
3.3582
3.3579
3.3596
3.3591
3.3591
3.3593
3.3586
3.3586
3.3587
3.3571
3.3572
3.3572
3.357
3.3573
3.3571
3.3571
3.357
3.3578
3.3573
3.3573
3.3574
3.3562
3.357
3.357
3.3543
3.3544
3.3544
3.354
3.3554
3.3554
3.355
3.3565
3.3564
3.3564
3.3578
3.3571
3.3571
3.3578
3.3574
3.3574
3.3566
3.3579
3.3575
3.3575
3.3576
3.3561
3.3561
3.3562
3.3582
3.3569
3.3569
3.3569
3.3619
3.3598
3.3598
3.3582
3.3584
3.3586
3.3579
3.3582
3.3582
3.3569
3.3587
3.3587
3.3578
3.358
3.358
3.3579
3.3595
3.3593
3.3593
3.3565
3.3594
3.3588
3.3588
3.3589
3.3573
3.3573
3.3573
3.3565
3.3594
3.358
3.358
3.3593
3.3558
3.3572
3.3572
3.3554
3.3583
3.3582
3.3583
3.3585
3.3572
3.3573
3.3574
3.3584
3.3566
3.357
3.357
3.3567
3.3582
3.3581
3.3581
3.358
3.3591
3.3582
3.3582
3.3607
3.3598
3.3598
3.36
3.359
3.3593
3.3594
3.3595
3.3588
3.3591
3.3591
3.3582
3.3597
3.3594
3.3595
3.3597
3.3592
3.3596
3.3596
3.3597
3.3592
3.3594
3.3594
3.3594
3.3564
3.358
3.3581
3.3581
3.3592
3.3592
3.3592
3.3591
3.3615
3.3615
3.3603
3.3607
3.3607
3.36
3.3616
3.3613
3.3613
3.3614
3.3596
3.3601
3.36
3.3612
3.3604
3.3604
3.3603
3.3618
3.3608
3.3607
3.3609
3.3604
3.3609
3.3609
3.3611
3.3572
3.3572
3.3563
3.3604
3.3604
3.36
3.3608
3.3605
3.3605
3.3605
3.3599
3.3602
3.3602
3.3605
3.3591
3.3596
3.3597
3.3596
3.3602
3.3602
3.3607
3.3598
3.3599
3.3598
3.3576
3.3604
3.3601
3.3601
3.358
3.361
3.3606
3.3606
3.3611
3.3604
3.3605
3.3605
3.3603
3.3609
3.3609
3.3609
3.3609
3.3601
3.3601
3.3601
3.3598
3.3604
3.36
3.3601
3.3602
3.3596
3.3598
3.3598
3.3601
3.3577
3.3584
3.3584
3.3587
3.3582
3.3585
3.3585
3.3583
3.3601
3.3598
3.3598
3.3602
3.3575
3.3576
3.3567
3.359
3.359
3.359
3.3583
3.3583
3.3583
3.361
3.3609
3.3609
3.3613
3.3601
3.3601
3.3599
3.3608
3.3608
3.3608
3.3605
3.361
3.3607
3.3607
3.3603
3.3614
3.3613
3.3613
3.3614
3.3608
3.3609
3.361
3.3601
3.3608
3.3608
3.3609
3.3597
3.3603
3.3603
3.3601
3.3606
3.3605
3.3604
3.3603
3.3616
3.3611
3.3611
3.3608
3.3624
3.3622
3.3623
3.3624
3.3617
3.3621
3.3622
3.3623
3.3607
3.3622
3.3622
3.3625
3.3617
3.3619
3.3619
3.362
3.3601
3.3601
3.3601
3.3608
3.3576
3.3576
3.3601
3.3567
3.3569
3.3569
3.3605
3.3597
3.3597
3.3596
3.3611
3.3607
3.3607
3.361
3.3579
3.3579
3.3575
3.3587
3.3584
3.3588
3.3577
3.3592
3.3589
3.3589
3.3588
3.3624
3.3621
3.3621
3.3615
3.3623
3.3623
3.3617
3.3626
3.3618
3.3621
3.3622
3.3615
3.3616
3.3615
3.3616
3.3607
3.3608
3.3608
3.3606
3.3613
3.361
3.3612
3.361
3.3623
3.3618
3.3619
3.3611
3.362
3.3617
3.3617
3.361
3.3617
3.3614
3.3614
3.3614
3.358
3.3581
3.3581
3.3582
3.3574
3.3578
3.3578
3.36
3.3578
3.3579
3.3577
3.3589
3.3586
3.3586
3.359
3.3579
3.3581
3.3581
3.3618
3.358
3.3584
3.3584
3.3585
3.3577
3.358
