41.858
41.96
41.96
41.96
41.965
41.935
41.935
41.935
41.92
41.938
41.935
41.935
41.93
41.958
41.95
41.95
41.96
41.96
41.96
41.94
41.95
41.95
41.945
41.985
41.96
41.96
41.95
41.95
41.95
41.917
41.963
41.952
41.96
41.938
41.938
41.938
41.912
41.942
41.938
41.925
41.942
41.933
41.938
41.95
41.948
41.946
41.948
41.923
41.933
41.934
41.935
41.922
41.925
41.927
41.938
41.91
41.92
41.918
41.878
41.908
41.912
41.931
41.913
41.9
41.917
41.9
41.908
41.91
41.908
41.94
41.93
41.93
41.947
41.947
41.925
41.951
41.925
41.932
41.935
41.928
41.928
41.928
41.938
41.938
41.938
41.93
41.948
41.95
41.94
41.94
41.93
41.93
41.95
41.94
41.94
41.948
41.943
41.943
41.941
41.972
41.948
41.948
41.94
41.943
41.933
41.928
41.93
41.93
41.92
41.945
41.955
41.923
41.921
41.918
41.93
41.93
41.92
41.925
41.92
41.925
41.906
41.96
41.945
41.945
41.938
41.938
41.905
41.963
41.925
41.925
41.94
41.925
41.905
41.894
41.946
41.96
41.925
41.93
41.945
41.931
41.951
41.946
41.951
41.933
41.935
41.928
41.91
41.92
41.93
41.93
41.94
41.95
41.94
41.95
41.95
41.925
41.93
41.93
41.93
41.888
41.881
41.92
41.93
41.92
41.92
41.915
41.925
41.891
41.91
41.932
41.9
41.888
41.877
41.915
41.91
41.925
41.93
41.91
41.91
41.874
41.884
41.906
41.98
41.98
42.0
41.98
42.0
41.985
41.955
41.938
41.905
41.903
41.909
41.91
41.909
41.91
41.904
41.897
41.911
41.952
41.91
41.92
41.92
41.94
41.9
41.9
41.905
41.91
41.905
41.9
41.895
41.896
41.92
41.914
41.91
41.902
41.93
41.905
41.905
41.915
41.91
41.909
41.899
41.915
41.903
41.903
41.908
41.882
41.895
41.895
41.882
41.893
41.902
41.915
41.897
41.897
41.906
41.89
41.895
41.893
41.888
41.904
41.9
41.905
41.908
41.87
41.87
41.87
41.897
41.885
41.885
41.895
41.88
41.885
41.885
41.878
41.882
41.88
41.898
41.888
41.855
41.892
41.888
41.895
41.87
41.88
41.865
41.881
41.889
41.893
41.893
41.895
41.885
41.885
41.89
41.896
41.863
41.863
41.873
41.895
41.857
41.87
41.87
41.84
41.855
41.843
41.87
41.858
41.858
41.895
41.83
41.83
41.843
41.807
41.838
41.832
41.833
41.83
41.83
41.83
41.82
41.83
41.82
41.808
41.79
41.83
