2.6215
2.6212
2.6215
2.622
2.6215
2.6215
2.622
2.6215
2.622
2.6223
2.621
2.6215
2.622
2.6223
2.6219
2.6223
2.6229
2.622
2.6225
2.6225
2.6212
2.6215
2.6215
2.6245
2.6265
2.621
2.6215
2.6225
2.622
2.6228
2.622
2.6218
2.6215
2.6216
2.6226
2.622
2.6225
2.6228
2.621
2.6215
2.6215
2.6206
2.6216
2.6214
2.6212
2.6223
2.6222
2.6221
2.6221
2.6225
2.6223
2.622
2.6223
2.6219
2.6217
2.6221
2.6221
2.6205
2.6215
2.6215
2.621
2.6215
2.6215
2.6203
2.6205
2.6207
2.6215
2.6215
2.6215
2.621
2.6207
2.6208
2.6207
2.6203
2.6202
2.62
2.6199
2.6196
2.6203
2.6203
2.6204
2.6205
2.6205
2.6215
2.621
2.6218
2.6218
2.622
2.622
2.6215
2.6219
2.6219
2.6218
2.6227
2.6227
2.622
2.6225
2.6222
2.6205
2.6203
2.621
2.621
2.621
2.6214
2.6213
2.6211
2.6215
2.621
2.6215
2.621
2.6215
2.6225
2.6215
2.625
2.6265
2.625
2.6265
2.6265
2.625
2.621
2.6215
2.622
2.6215
2.6215
