94.125
94.1175
94.135
94.1175
94.135
93.8025
94.11
93.8025
94.11
94.3737
94.13
94.0488
94.125
94.0488
94.125
94.0638
94.155
94.1425
94.13
94.15
94.14
94.13
94.15
94.14
94.13
94.14
94.135
94.13
94.16
94.145
94.13
94.1694
94.1525
94.1475
94.1425
94.145
94.1438
94.0625
94.0981
94.1019
94.1038
94.0906
94.0994
94.125
94.0975
94.1175
94.1238
94.1425
94.14
94.1375
94.1425
94.1513
94.165
94.1575
94.1588
94.16
94.1575
94.135
94.2025
94.2012
94.2031
94.205
94.1575
94.1775
94.1763
94.175
94.2456
94.235
94.235
94.235
94.14
94.2075
94.1775
94.1763
94.1675
94.1775
94.1738
94.17
94.1775
94.1738
94.17
94.1775
94.1738
94.17
94.1775
94.1738
94.17
94.1775
94.1725
94.155
94.1675
94.1725
94.1775
94.155
94.1675
94.1575
94.1475
94.1819
94.1513
94.1525
94.1537
94.1513
94.1213
94.1625
94.1475
94.1488
94.15
94.14
94.1475
94.1463
94.145
94.1475
94.1463
94.145
94.1475
94.1463
94.145
94.1475
94.1463
94.145
94.1475
94.1463
94.145
94.1475
94.18
94.1513
94.1525
94.1538
94.1513
94.1712
94.1862
94.1712
94.1862
94.1725
94.225
94.1725
94.225
94.1813
94.2038
94.145
94.17
94.165
94.1475
94.1488
94.15
94.145
94.15
94.1488
94.145
94.155
94.1475
94.1563
94.165
94.1475
94.195
94.1688
94.1688
94.1706
94.1725
94.1688
94.125
94.155
94.125
94.1475
94.1488
94.15
94.145
94.1475
94.1463
94.145
94.1475
94.1463
94.135
94.1475
94.205
94.1888
94.1888
94.1944
94.1888
94.2025
94.1469
94.1775
94.1475
94.1525
94.16
94.145
94.15
94.155
94.16
94.145
94.1475
94.1463
94.145
94.1475
94.1463
94.145
94.1475
94.1463
94.135
94.1475
94.1463
94.145
94.1475
94.1463
94.145
94.1475
94.1463
94.1738
94.1263
94.1738
94.1775
94.1738
94.1825
94.1781
94.1738
94.1813
94.1738
94.1313
94.1575
94.1313
94.1475
94.1488
94.15
94.145
94.1475
94.1463
94.145
94.1475
94.1463
94.145
94.155
94.1475
94.1463
94.145
94.1475
94.1463
94.145
94.1475
94.1463
94.135
94.1475
94.1463
94.145
94.1475
94.1463
94.145
94.1475
94.1463
94.145
94.1475
94.1463
94.145
94.1475
94.1463
94.145
94.1475
94.1463
94.145
94.1475
94.1463
94.145
94.1475
94.1463
94.145
94.1475
94.1463
94.135
94.1475
94.1463
94.145
94.1475
94.1463
94.145
94.1475
94.1463
94.145
94.1475
94.1463
94.145
94.1475
94.1463
94.145
94.1475
94.1463
94.145
94.1475
94.1463
94.145
94.1475
94.1463
94.145
94.1475
94.1463
94.145
94.165
94.155
94.15
94.145
94.155
94.15
94.145
94.155
94.16
94.165
94.155
94.15
94.145
94.155
94.16
94.165
94.155
94.1775
94.2
94.155
94.4519
94.1725
