3.7419
3.7417
3.7428
3.7422
3.7417
3.7419
3.7418
3.7405
3.7405
3.7408
3.7395
3.7404
3.7404
3.741
3.7405
3.7405
3.7403
3.7413
3.7413
3.7413
3.7413
3.7411
3.7413
3.7413
3.7413
3.7407
3.7413
3.7413
3.7406
3.7407
3.7407
3.741
3.741
3.741
3.7414
3.7408
3.7408
3.7408
3.7406
3.7414
3.741
3.741
3.741
3.7406
3.7407
3.7407
3.7402
3.7404
3.7404
3.7398
3.7398
3.7398
3.739
3.7397
3.7397
3.7397
3.7397
3.74
3.74
3.7407
3.7406
3.7406
3.7436
3.7411
3.741
3.7407
3.7417
3.7414
3.7414
3.7413
3.7425
3.742
3.742
3.7422
3.7417
3.7418
3.7419
3.7395
3.7398
3.7398
3.7406
3.7402
3.7402
3.7396
3.7397
3.7397
3.7392
3.7401
3.7397
3.7397
3.7399
3.7396
3.7397
3.7397
3.7389
3.7408
3.739
3.739
3.7387
3.7391
3.7389
3.739
3.7389
3.7397
3.7393
3.7393
3.7394
3.7391
3.7392
3.7393
3.7394
3.7393
3.7393
3.7393
3.7372
3.7373
3.7373
3.7373
3.7372
3.737
3.7375
3.7373
3.7373
3.7372
3.7376
3.7376
3.7376
3.7369
3.7371
3.7371
3.7371
3.7375
3.7371
3.7372
3.7375
3.7369
3.7373
3.7373
3.7384
3.7385
3.7387
3.7382
3.7384
3.7385
3.7379
3.7379
3.7379
3.738
3.738
3.738
3.7379
3.7381
3.7381
3.738
3.7382
3.7382
3.7382
3.7379
3.7382
3.7382
3.7388
3.738
3.7382
3.7382
3.7385
3.7379
3.7381
3.738
3.7375
3.7376
3.7375
3.7372
3.7379
3.7378
3.7377
3.7373
3.7379
3.7375
3.7375
3.7377
3.7374
3.7374
3.7369
3.7371
3.7371
3.7372
3.7366
3.7369
3.7369
3.7388
3.7388
3.7387
3.7388
3.7382
3.7383
3.7383
3.7382
3.7388
3.7387
3.7387
3.7388
3.7382
3.7387
3.7387
3.7386
3.7392
3.7391
3.739
3.7381
3.7389
3.7389
3.7385
3.7407
3.7403
3.7403
3.7394
3.741
3.7408
3.7408
3.7405
3.7414
3.741
3.7411
3.7415
3.7404
3.7406
3.7406
3.74
3.7404
3.7404
3.7398
3.7464
3.7464
3.7464
3.7465
3.7462
3.7464
3.7464
3.7456
3.7457
3.7458
3.7463
3.7454
3.7456
3.7455
3.7448
3.7449
3.7449
3.7441
3.7449
3.7449
3.7452
3.7447
3.7447
3.7438
3.7442
3.7442
3.7447
3.7441
3.7444
3.7445
3.7442
3.7449
3.7449
3.7449
3.747
3.747
3.7469
3.747
3.7463
3.7464
3.7463
3.7463
3.7475
3.7473
3.7474
3.7475
3.7467
3.7467
3.7467
3.7469
3.7461
3.7466
3.7466
3.7463
3.7468
3.7463
3.7463
3.7463
3.7471
3.747
3.747
3.747
3.7481
3.7476
3.7476
3.7475
3.7481
3.7479
3.7479
3.7472
3.7484
3.7476
3.7476
3.7473
3.7491
3.7487
3.7487
3.749
3.7484
3.7485
3.7485
3.7478
3.7478
3.7482
3.7475
3.7478
3.7478
3.7475
3.7483
3.7482
3.7482
3.7476
3.7476
3.748
3.7473
3.7474
3.7474
3.7472
3.7479
3.7474
3.7475
3.7474
3.7479
3.7477
3.7478
3.7476
3.7483
3.7479
3.748
3.7481
3.7477
3.7478
3.7478
3.748
3.7478
3.7478
3.7478
3.7493
3.7491
3.7491
3.749
3.7505
3.7501
3.7501
3.7501
3.7499
3.7499
3.75
3.7501
3.7496
3.7496
3.7496
3.749
3.7491
3.7491
3.7495
3.7494
3.7494
3.7491
3.7499
3.7495
3.7495
3.7497
3.7491
3.7492
3.7499
3.7498
3.7499
3.7503
3.7495
3.7496
3.7496
3.7497
3.7491
3.7492
3.7493
3.7497
3.749
3.749
3.749
3.7491
3.7481
3.7483
3.7483
3.748
3.748
3.748
3.7481
3.748
3.748
3.748
3.7481
3.7475
3.7478
3.7478
3.7487
3.7464
3.7477
3.7477
3.7488
3.7466
3.7477
3.7477
3.7468
3.7499
3.7485
3.7485
3.7471
3.7499
3.7488
3.7487
3.7481
3.751
3.7499
3.7499
3.7509
3.7484
3.7499
3.7499
3.7509
3.7483
3.7497
3.7497
3.7509
3.7479
3.7491
3.7491
3.7492
3.749
3.749
3.749
3.7489
3.7492
3.7491
3.7491
3.7492
3.7491
3.7491
3.7491
3.7497
3.7483
3.7484
3.7484
3.7487
3.7477
3.7477
3.7477
3.7487
3.7478
3.7478
3.7481
3.7475
3.7481
3.7481
3.7476
3.7476
3.7477
3.7472
3.7474
3.7474
3.7473
3.7475
3.7473
3.7473
3.7478
3.7472
3.7473
3.7474
3.7477
3.7473
3.7474
3.7474
3.7476
3.7475
3.7475
3.7474
3.7477
3.7475
3.7474
3.7473
3.7476
3.7476
3.7476
3.7476
3.7477
3.7477
3.7477
3.7475
3.7477
3.7476
3.7476
3.7478
3.7476
3.7476
3.7477
3.7476
3.7477
3.7477
3.7476
3.7478
3.7478
3.7478
3.7476
3.7479
3.7479
3.7478
3.7478
3.748
3.748
3.748
3.7478
3.7484
3.7483
3.7483
3.7492
3.7491
3.7491
3.7492
3.7487
3.7489
3.7489
3.749
3.7487
3.7487
3.7487
3.7487
3.7487
3.7485
3.7486
3.7486
3.7485
3.7493
3.7491
3.7491
3.7488
3.7488
3.7488
3.7483
3.7487
3.7487
3.7492
3.7491
3.7491
3.7499
3.7458
3.7497
3.7497
3.7498
3.7496
3.7497
3.7497
3.7498
3.7495
3.7497
3.7497
3.7498
3.7495
3.7495
3.7494
3.7492
3.7495
3.7495
3.7495
3.7495
3.7493
3.7494
3.7493
3.7495
3.7487
3.7488
3.7488
3.7486
3.7494
3.7494
3.7494
3.7492
3.7492
3.7492
3.7493
3.7491
3.7492
3.7492
3.7494
3.749
3.7491
3.7491
3.7494
3.7488
3.7491
3.7491
3.7494
3.7482
3.7482
3.7483
3.7486
3.7479
3.7481
3.7481
3.7481
3.7476
3.7477
3.7477
3.7478
3.7474
3.7476
3.7476
3.7471
3.7498
3.7498
3.7498
3.7499
3.7426
3.7428
3.7428
3.7428
3.7426
3.7426
3.7426
3.7433
3.7433
3.7431
3.7442
3.7438
3.7438
3.7447
3.7441
3.7441
3.7437
3.7438
3.7438
3.7438
3.7434
3.7436
3.7436
3.7428
3.743
3.743
3.743
3.744
3.7439
3.7439
3.7434
3.7445
3.7445
3.7438
3.7455
3.7453
3.7453
3.7454
3.7423
3.7424
3.7424
3.7429
3.7368
3.7369
3.7369
3.734
3.7408
3.7392
3.7392
3.7364
3.737
3.737
3.7373
3.7362
3.7366
3.7366
3.7363
3.7373
3.7365
3.7365
3.7373
3.7351
3.7369
3.7369
3.7382
3.7375
3.7375
3.7365
3.7376
3.7377
3.7372
3.7392
3.7388
3.7388
3.7381
3.7389
3.7385
3.7383
3.7377
3.7408
3.7403
3.7403
3.7401
3.7414
3.7412
3.7413
3.7405
3.7419
3.7407
3.7407
3.7397
3.7407
3.7407
3.7407
3.7424
3.7421
3.7421
3.7428
3.742
3.7422
3.7422
3.7455
3.7452
3.7452
3.7445
3.7471
3.7456
3.7456
3.7504
3.7475
3.7475
3.7475
3.7461
3.7474
3.7474
3.7475
3.7438
3.7446
3.7446
3.7451
3.7427
3.7446
3.7446
3.7427
3.7437
3.7437
3.7442
3.7429
3.7431
3.7431
3.7437
3.7429
3.7437
3.7437
3.744
3.7422
3.7429
3.7429
3.743
3.7404
3.7418
3.7418
3.7416
3.7443
3.7434
3.7434
3.7451
3.7422
3.7421
3.7445
3.7411
3.7414
3.7414
3.7422
3.7383
3.7389
3.7389
3.7386
3.7413
3.7402
3.7402
3.7413
3.7398
3.74
3.74
3.7404
3.7375
3.7387
3.7387
3.7345
3.7346
3.7346
3.7351
3.7329
3.7339
3.7339
3.7352
3.7328
3.7338
3.7338
3.7339
3.7264
3.7307
3.7307
3.7303
3.7327
3.7322
3.7322
3.7329
3.7239
3.7288
3.7288
3.7297
3.7263
3.7283
3.7283
3.7288
3.7267
3.7271
3.7271
3.728
3.7241
3.7241
3.7255
3.7226
3.7246
3.7246
3.7174
3.7211
3.7211
3.7175
3.7222
3.7215
3.7215
3.7213
3.7299
3.7265
3.7265
3.7271
3.7252
3.7252
3.7307
3.73
3.73
3.7305
3.7285
3.7299
3.7299
3.7312
3.729
3.7291
3.7291
3.7289
3.7305
3.7297
3.7297
3.7311
3.729
3.7293
3.7293
3.7299
3.7291
3.7293
3.7293
3.7294
3.7274
3.7277
3.7277
3.7279
3.7262
3.7273
3.7273
3.7276
3.7266
3.7272
3.727
3.727
3.7229
3.724
3.724
3.7238
3.7262
3.7258
3.7257
3.726
3.7249
3.7256
3.7256
3.7259
3.7233
3.7246
3.7246
3.724
3.7268
3.7259
3.7259
3.7273
3.7254
3.7255
3.7255
3.7245
3.7276
3.7264
3.7265
3.7265
3.7239
3.7239
3.7242
3.722
3.722
3.722
3.7223
3.7203
3.7206
3.7206
3.7206
3.7232
3.7229
3.7229
3.7231
3.7213
3.7213
3.7213
3.7213
3.7143
3.7161
3.7161
3.7111
3.7119
3.7119
3.7119
3.7085
3.7096
3.7095
3.7108
3.7088
3.7102
3.7102
3.7103
3.7078
3.7082
3.7082
3.7086
3.7057
3.7065
3.7065
3.7064
3.7089
3.7088
3.7088
3.7088
3.7144
3.7145
3.7164
3.7135
3.7142
3.7142
3.7144
3.7123
3.7138
3.7138
3.7133
3.7148
3.7139
3.7142
3.714
3.7161
3.7154
3.7154
3.7162
3.712
3.7121
3.7121
3.7114
3.7135
3.7133
3.7134
3.7158
3.715
3.715
3.7144
3.7156
3.7147
3.7147
3.7141
3.7154
3.7152
3.7152
3.7154
3.7139
3.714
3.714
3.7148
3.7119
3.7134
3.7134
3.7138
3.7118
3.7119
3.7119
3.713
3.712
3.712
3.7119
3.7146
3.7143
3.7143
3.7143
3.7111
3.7111
3.7111
3.7142
3.7142
3.7143
3.7132
3.7137
3.7137
3.7143
3.7127
3.7133
3.7133
3.7131
3.7173
3.7172
3.7172
3.7174
3.7156
3.7156
3.7156
3.7166
3.716
3.716
3.7162
3.715
3.7155
3.7154
3.7156
3.7144
3.7145
3.7144
3.7157
3.715
3.715
3.715
3.7155
3.7153
3.7153
3.7155
3.7134
3.7134
3.7127
3.7149
3.7148
3.7148
3.7133
3.7138
3.7138
3.7138
3.7153
3.7148
3.7148
3.7145
3.7161
3.7161
3.7182
3.7177
3.7177
3.7183
3.715
3.7149
3.7146
3.7164
3.7164
3.7164
3.7153
3.718
3.718
3.7176
3.7194
3.7193
3.7193
3.7186
3.7206
3.7196
3.7196
3.7191
3.7215
3.7211
3.7211
3.7204
3.7258
3.7258
3.7259
3.7207
3.7209
3.721
3.7238
3.7227
3.7229
3.7233
3.7225
3.7227
3.7227
3.7225
3.7242
3.724
3.724
3.7236
3.7245
3.7241
3.7241
3.7239
3.7253
3.7252
3.7252
3.7246
3.7262
3.7252
3.7252
3.7242
3.7298
3.7293
3.7293
3.7289
3.7308
3.7304
3.7304
3.7303
3.7337
3.733
3.733
3.7326
3.7358
3.7359
3.7365
3.735
3.7351
3.7351
3.7353
3.7334
3.7335
3.7335
3.7329
3.7358
3.7349
3.7349
3.7357
3.7337
3.7338
3.7338
3.7346
3.7343
3.7343
3.7347
3.733
3.7343
3.7343
3.7354
3.7325
3.733
3.733
3.7334
3.7307
3.7308
3.7304
3.7322
3.732
3.732
3.7322
3.7314
3.7314
3.7314
3.7319
3.7308
3.7309
3.7309
3.733
3.7328
3.7328
3.7311
3.7315
3.7316
3.7312
3.7322
3.7321
3.7321
3.7361
3.7358
3.7358
3.7359
3.7335
3.7335
3.7335
3.7328
3.734
3.7338
3.7338
3.7336
3.7349
3.7342
3.7341
3.7353
3.7335
3.7339
3.7339
3.7336
3.7355
3.7354
3.7353
3.7357
3.7346
3.7346
3.7346
3.7347
3.7308
3.7311
3.7311
3.7315
3.7289
3.7294
3.7295
3.7301
3.7278
3.729
3.7289
3.7288
3.7307
3.7309
3.7272
3.7276
3.7276
3.7278
3.7231
3.7254
3.7254
3.7256
3.7234
3.7237
3.7237
3.7235
3.7254
3.7252
3.7252
3.7241
3.726
3.7259
3.7259
3.7261
3.7243
3.7245
3.7245
3.7269
3.7236
3.7237
3.7238
3.7247
3.7236
3.7242
3.7242
3.7241
3.7259
3.7248
3.7248
3.725
3.7224
3.723
3.723
3.7229
3.725
3.725
3.725
3.7235
3.7266
3.7248
3.7247
3.7246
3.7258
3.7257
3.7257
3.7249
3.7264
3.7259
3.7259
3.7257
3.7276
3.7274
3.7274
3.7274
3.7281
3.7276
3.7276
3.7273
3.7296
3.7293
3.7293
3.7289
3.7296
3.7294
3.7294
3.7291
3.7296
3.7294
3.7294
3.7292
3.7313
3.7307
3.7307
3.7304
3.733
3.7322
3.7322
3.733
3.7312
3.7319
3.7319
3.7328
3.7313
3.7314
3.7315
3.73
3.7307
3.7306
3.7294
3.7302
3.7302
3.7302
3.7319
3.7314
3.7314
3.7319
3.7307
3.731
3.731
3.7307
3.7319
3.731
3.731
3.7305
3.7315
3.7314
3.7314
3.7316
3.7302
3.7304
3.7304
3.7301
3.7314
3.7311
3.7311
3.732
3.7309
3.7313
3.7313
3.7319
3.7296
3.7297
3.7297
3.7305
3.7272
3.7281
3.7281
3.7279
3.7288
3.7287
3.7287
3.7286
3.7304
3.7304
3.7304
3.7324
3.7316
3.7316
3.7311
3.7328
3.7322
3.7322
3.732
3.7325
3.7322
3.7322
3.7312
3.7314
3.7314
3.7317
3.7302
3.7302
3.7308
3.7298
3.7303
3.7303
3.7301
3.7308
3.7302
3.7302
3.7299
3.7308
3.7302
3.7302
3.7303
3.7292
3.7297
3.7297
3.7298
3.7292
3.7295
3.7295
3.7298
3.7292
3.7293
3.7292
3.7285
3.7296
3.7295
3.7294
3.7268
3.7268
3.7259
3.7276
3.7276
3.7273
3.7281
3.7281
3.7281
3.7296
3.7288
3.7289
3.7289
3.7293
3.729
3.7296
3.728
3.7289
3.7284
3.7293
3.7269
3.727
3.727
3.7273
3.7262
3.7272
3.7271
3.7268
3.73
3.7272
3.727
3.728
3.7266
3.7265
3.7251
3.726
3.7262
3.7254
3.7266
3.7265
3.7264
3.7266
3.7256
3.7257
3.7257
3.7275
3.7275
3.7263
3.7267
3.7272
3.7272
3.7257
3.726
3.726
3.7259
3.7272
3.7266
3.7266
3.7262
3.728
3.727
3.7269
3.7268
3.7275
3.7274
3.7273
3.7266
3.7278
3.7272
3.7272
3.727
3.7279
3.7278
3.7278
3.7271
3.7282
3.7276
3.7276
3.7274
3.7282
3.728
3.7282
3.728
3.7293
3.7292
3.7292
3.7271
3.728
3.7281
3.7278
3.7287
3.7281
3.728
3.7281
3.7271
3.7277
3.7277
3.7278
3.7271
3.7277
3.7277
3.7271
3.728
3.7274
3.7273
3.7265
3.7285
3.7279
3.728
3.7274
3.7285
3.7285
3.7283
3.7276
3.7301
3.7294
3.7301
3.7302
3.7286
3.7296
3.7295
3.7292
3.7301
3.7295
3.7297
3.7286
3.7295
3.7295
3.7307
3.7294
3.7305
3.7299
3.7294
3.731
3.7309
3.7309
3.7311
3.7297
3.7302
3.7302
3.7304
3.729
3.7291
3.7292
3.7288
3.7295
3.729
3.729
3.7298
3.7288
3.7289
3.7289
3.7281
3.7293
3.7285
3.7286
3.7287
3.726
3.7264
3.7265
3.7264
3.7272
3.7269
3.727
3.7278
3.7265
3.7266
3.7266
3.7264
3.7273
3.7269
3.7269
3.7263
3.7276
3.7273
3.7272
3.728
3.7262
3.7272
3.7272
3.7285
3.7255
3.7274
3.7274
3.7284
3.7252
3.7266
3.7266
3.7254
3.7283
3.7277
3.7277
3.7282
3.727
3.7274
3.7274
3.7268
3.7281
3.7279
3.7268
3.7281
3.7281
3.7281
3.727
3.7272
3.7272
3.7279
3.7269
3.7276
3.7276
3.728
3.7269
3.7271
3.7271
3.7272
3.7259
3.7264
3.7264
3.7269
3.7263
3.7264
3.7265
3.7269
3.7263
3.7264
3.7264
3.726
3.7271
3.7271
3.7271
3.7263
3.7273
3.7273
3.7273
3.7265
3.7277
3.7275
3.7275
3.7278
3.7268
3.7271
3.7275
3.7276
3.7263
3.7272
3.7272
3.7268
3.7276
3.7271
3.7271
3.7274
3.7269
3.7273
3.7274
3.7271
3.7287
3.7279
3.7279
3.7275
3.7291
3.7286
3.7287
3.7288
3.7279
3.7285
3.7285
3.7289
3.7272
3.7285
3.7285
3.729
3.7279
3.7281
3.728
3.7283
3.7261
3.7263
3.7263
3.7262
3.7271
3.7269
3.7269
3.7272
3.726
3.727
3.7269
3.7266
3.7276
3.7271
3.7271
3.7268
3.7278
3.7277
3.7277
3.7266
3.7279
3.7272
3.7272
3.7267
3.7277
3.7275
3.7276
3.7272
3.7291
3.7281
3.7281
3.7288
3.7284
3.7285
3.729
3.7279
3.7287
3.7288
3.7292
3.7283
3.7283
3.7289
3.7278
3.7278
3.7278
3.7284
3.7264
3.7268
3.7268
3.7277
3.727
3.728
3.7268
3.7274
3.7273
3.7264
3.7271
3.7271
3.7274
3.7264
3.7269
3.7269
3.7272
3.7265
3.7269
3.7266
3.7273
3.7261
3.7266
3.7266
3.7274
3.7264
3.7267
3.7267
3.7264
3.7278
3.7273
3.7267
3.7273
3.7269
3.7268
3.7278
3.7267
3.7273
3.7273
3.7261
3.7263
