32.1353
32.1
32.1
32.1
32.101
32.0985
32.0987
32.0987
32.1153
32.0987
32.0987
32.099
32.0987
32.099
32.099
32.0995
32.0987
32.0987
32.0987
32.0995
32.0995
32.0995
32.1
32.0987
32.0987
32.0987
32.099
32.0901
32.0987
32.0995
32.1033
32.095
32.0975
32.0931
32.0854
32.1
32.0987
32.0987
32.0873
32.1006
32.1
32.1
32.1006
32.095
32.095
32.0915
32.0998
32.0978
32.098
32.0833
32.0915
32.0915
32.0861
32.097
32.096
32.096
32.0922
32.1148
32.0959
32.0959
32.1126
32.0892
32.0941
32.0941
32.105
32.092
32.1035
32.103
32.0819
32.0821
32.0821
32.0913
32.087
32.0865
32.1663
32.1631
32.1631
32.1788
32.1775
32.1775
32.1785
32.1362
32.137
32.137
32.1338
32.1454
32.1418
32.1418
32.1413
32.1642
32.1602
32.1602
32.1628
32.1559
32.1597
32.1595
32.1603
32.15
32.1562
32.1562
32.1547
32.1618
32.1566
32.1566
32.1479
32.1651
32.1648
32.1648
32.1836
32.1777
32.1781
32.1756
32.1855
32.1852
32.1855
32.1851
32.2195
32.2143
32.2146
32.1956
32.2069
32.2069
32.2066
32.2153
32.2086
32.208
32.2039
32.2179
32.2167
32.2168
32.223
32.2033
32.2033
32.2033
32.2035
32.1865
32.1886
32.1886
32.1876
32.2023
32.1927
32.1927
32.192
32.203
32.1981
32.1981
32.2275
32.2261
32.2261
32.2212
32.2404
32.2312
32.2312
32.23
32.2401
32.2312
32.2312
32.2329
32.2177
32.2235
32.2235
32.2241
32.2033
32.2086
32.2086
32.2099
32.188
32.1979
32.1979
32.198
32.1825
32.1901
32.1896
32.1907
32.182
32.1868
32.1868
32.1925
32.1804
32.1816
32.1817
32.1832
32.169
32.1814
32.1814
32.1806
32.1927
32.1926
32.1926
32.1913
32.2066
32.2017
32.2017
32.2085
32.1964
32.1966
32.1965
32.2021
32.1877
32.1919
32.1919
32.1919
32.1996
32.1957
32.1957
32.1939
32.202
32.201
32.201
32.204
32.1958
32.1981
32.1981
32.1968
32.2059
32.2059
32.2059
32.2059
32.1668
32.1679
32.1679
32.1665
32.1772
32.1761
32.1761
32.1862
32.1751
32.183
32.1828
32.1865
32.1777
32.182
32.182
32.1905
32.1769
32.1838
32.1837
32.1857
32.163
32.1652
32.1652
32.168
32.1552
32.1586
32.1586
32.1601
32.1541
32.1565
32.1565
32.1527
32.167
32.1666
32.1665
32.1635
32.1776
32.1755
32.1755
32.1816
32.162
32.1687
32.1687
32.1655
32.1814
32.1735
32.1735
32.1846
32.181
32.181
32.1748
32.1851
32.1811
32.1814
32.1798
32.2107
32.2069
32.2069
32.1922
32.2013
32.2013
32.1947
32.2083
32.2081
32.2079
32.2087
32.1933
32.1933
32.1908
32.2026
32.1947
32.1947
32.2049
32.2034
32.2034
32.2041
32.1947
32.1964
32.196
32.1951
32.2061
32.1985
32.1985
32.2007
32.1929
32.197
32.197
32.1934
32.1934
32.1949
32.1922
32.1927
32.1927
32.1922
32.2032
32.2021
32.2021
32.2026
32.1919
32.1985
32.1985
32.1924
32.206
32.2032
32.2032
32.2075
32.202
32.204
32.204
32.1912
32.2105
32.2027
32.2027
32.2028
32.1774
32.1776
32.1776
32.1817
32.1689
32.1689
32.1685
32.179
32.1787
32.1787
32.1785
32.1964
32.1868
32.1869
32.1878
32.161
32.1614
32.1614
32.162
32.1364
32.1369
32.1369
32.1371
32.0678
32.0719
32.072
32.0867
32.0675
32.0727
32.0726
32.0838
32.0671
32.073
32.073
32.0828
32.0667
32.0686
32.0686
32.0809
32.0578
32.0642
32.0645
32.0634
32.0836
32.0812
32.0812
32.104
32.0999
32.1003
32.1167
32.0897
32.1024
32.1024
32.1048
32.0913
32.0978
32.0978
32.093
32.1007
32.0975
32.0975
32.1011
32.0871
32.0935
32.0935
32.0908
32.0979
32.0948
32.0948
32.0943
32.1047
32.1044
32.1044
32.1031
32.1264
32.1142
32.1139
32.1081
32.121
32.1185
32.1183
32.1157
32.1302
32.125
32.125
32.1121
32.1162
32.1162
32.1181
32.1007
32.1137
32.1137
32.1163
32.1028
32.1032
32.1033
32.1032
32.1243
32.1168
32.1168
32.1131
32.1286
32.1271
32.1271
32.1307
32.1068
32.1078
32.1078
32.1385
32.1384
32.1351
32.1393
32.1387
32.1387
32.1343
32.1466
32.1466
32.1464
32.1628
32.1601
32.1601
32.1604
32.145
32.146
32.146
32.1455
32.1586
32.1572
32.1573
32.1598
32.1516
32.1522
32.1522
32.1514
32.1565
32.1519
32.1517
32.1479
32.1573
32.1562
32.1562
32.1569
32.1489
32.1505
32.1505
32.1511
32.1309
32.1325
32.1325
32.12
32.1215
32.1215
32.1082
32.1094
32.1094
32.1154
32.1031
32.1034
32.0991
32.1095
32.1068
32.1068
32.1068
32.1213
32.1203
32.12
32.1277
32.1242
32.1242
32.1227
32.1376
32.1371
32.1385
32.1315
32.1411
32.1411
32.1521
32.1515
32.1515
32.1538
32.136
32.1365
32.1365
32.1316
32.1539
32.1486
32.1486
32.1485
32.1563
32.1507
32.1507
32.1528
32.134
32.1347
32.1347
32.134
32.1548
32.1523
32.1524
32.1565
32.149
32.1495
32.1495
32.1458
32.1551
32.155
32.155
32.1517
32.1587
32.153
32.153
32.1563
32.1487
32.1504
32.1504
32.1451
32.1549
32.1488
32.1485
32.1428
32.158
32.1555
32.1552
32.1537
32.1688
32.1652
32.1652
32.1695
32.1624
32.1638
32.1638
32.1611
32.186
32.1856
32.1856
32.1884
32.1758
32.1787
32.1787
32.1833
32.1673
32.1761
32.1761
32.168
32.1824
32.1755
32.1755
32.1759
32.159
32.1601
32.1601
32.159
32.1649
32.1612
32.1615
32.1637
32.1477
32.1555
32.1553
32.1542
32.1662
32.1638
32.1638
32.168
32.1461
32.1461
32.1468
32.1314
32.1402
32.1399
32.1392
32.1462
32.1431
32.1431
32.1408
32.1464
32.1423
32.1423
32.1416
32.1525
32.1517
32.1517
32.1532
32.1403
32.1419
32.1419
32.1423
32.1325
32.1331
32.1331
32.1317
32.1456
32.1446
32.1446
32.1375
32.1477
32.1439
32.1439
32.1351
32.1552
32.1539
32.1537
32.1378
32.1575
32.1477
32.1468
32.1488
32.138
32.138
32.1372
32.1494
32.1489
32.1489
32.1504
32.1475
32.148
32.148
32.1239
32.1242
32.1242
32.1175
32.1349
32.1287
32.1287
32.1361
32.1262
32.1273
32.1273
32.1748
32.1748
32.1756
32.1562
32.1564
32.1564
32.1655
32.1507
32.152
32.152
32.1332
32.1365
32.1365
32.1625
32.162
32.1617
32.1623
32.1541
32.1593
32.1593
32.1745
32.1742
32.1742
32.1776
32.1618
32.1618
32.1645
32.1572
32.1617
32.1617
32.1582
32.1687
32.1624
32.1624
32.1464
32.1521
32.1521
32.1476
32.1617
32.1528
32.1528
32.1481
32.1657
32.1598
32.1598
32.1634
32.1525
32.1532
32.1531
32.1532
32.1367
32.1369
32.1369
32.1169
32.1337
32.1337
32.1283
32.14
32.1288
32.1288
32.1287
32.1479
32.1445
32.1445
32.1599
32.1572
32.1572
32.1525
32.1588
32.1543
32.1543
32.1525
32.1726
32.1731
32.1693
32.1808
32.1791
32.1791
32.1816
32.1738
32.179
32.179
32.1782
32.1953
32.1909
32.1909
32.1892
32.1936
32.1923
32.1923
32.1805
32.1805
32.1807
32.1797
32.1914
32.1898
32.1898
32.1936
32.184
32.1883
32.1883
32.1903
32.1795
32.1795
32.1858
32.1787
32.1787
32.176
32.1836
32.1782
32.1782
32.178
32.1839
32.1832
32.1832
32.1806
32.1883
32.1858
32.1858
32.1874
32.1777
32.1833
32.1833
32.1876
32.1734
32.1799
32.1799
32.19
32.1867
32.1867
32.1935
32.1922
32.1925
32.1903
32.1994
32.1968
32.1961
32.192
32.2022
32.1993
32.1993
32.194
32.2019
32.1965
32.1965
32.1932
32.2012
32.2
32.2
32.1937
32.1942
32.1942
32.1952
32.1891
32.1932
32.1932
32.1904
32.1963
32.1942
32.1942
32.1911
32.1963
32.1949
32.1949
32.1955
32.1866
32.1898
32.1898
32.1976
32.1856
32.1863
32.1863
32.2022
32.184
32.1937
32.1937
32.1842
32.2022
32.1887
32.1887
32.1895
32.1798
32.1842
32.1842
32.1756
32.1912
32.1878
32.1878
32.1909
32.1777
32.1777
32.1878
32.1851
32.1838
32.1889
32.183
32.1878
32.1878
32.181
32.1844
32.1844
32.1878
32.1801
32.1818
32.1818
32.19
32.1817
32.1875
32.1875
32.1834
32.1901
32.1867
32.1867
32.1837
32.1948
32.1865
32.1865
32.1777
32.1875
32.1825
32.1825
32.1766
32.1858
32.1832
32.1832
32.1875
32.177
32.1825
32.1825
32.1815
32.1975
32.1971
32.1971
32.1888
32.2035
32.1978
32.1978
32.2106
32.193
32.1932
32.1935
32.1789
32.2019
32.2005
32.2005
32.2015
32.1794
32.18
