14.12
14.103
14.1172
14.1343
14.1045
14.1202
14.1202
14.1357
14.105
14.1212
14.1362
14.1199
14.12
14.1042
14.12
14.1362
14.121
14.1365
14.104
14.1197
14.1357
14.1045
14.1207
13.9051
13.0856
13.8888
14.12
14.1357
14.1047
14.1212
14.1365
14.1042
14.12
14.1042
14.1199
14.1042
14.1199
14.1189
14.1515
14.1045
14.1205
14.136
14.1042
14.1202
14.104
14.1194
14.104
14.1194
14.1515
14.104
14.1197
14.1037
14.1194
14.1037
14.1194
14.1205
14.1215
14.122
14.1215
14.122
14.153
14.12
14.12
14.1037
14.1192
13.5821
13.0133
13.2547
13.0133
12.7719
13.0136
12.997
13.0125
12.997
13.0125
13.0447
12.9971
13.0131
13.0296
13.0129
13.0135
13.0129
13.0135
13.014
13.0462
12.997
13.0131
13.0136
13.0141
13.0136
13.0141
13.03
12.9972
13.0134
13.0301
13.0462
12.9974
13.0141
12.9973
13.0129
12.9973
13.0129
13.0457
12.9972
12.9806
12.9816
13.0149
12.9816
13.0149
13.014
13.0129
13.0124
13.0451
13.0133
13.0295
13.0295
12.9974
13.0144
12.9975
13.014
12.9975
13.014
13.0135
13.014
13.0466
12.9972
13.0141
13.0296
13.0125
13.013
13.0119
13.0114
13.0285
13.0294
12.9964
13.0131
12.9978
13.0149
12.9978
13.0149
13.0135
13.0114
13.0124
13.0129
13.0124
13.0129
13.0124
13.0451
12.9971
13.0131
13.0136
13.0139
13.0136
13.0139
13.0295
13.0145
13.0129
13.0125
13.0129
13.0124
13.014
13.0135
13.014
13.0135
13.014
13.0145
13.014
13.0129
13.0114
13.0125
13.014
13.0125
13.014
13.0451
12.9984
13.0154
12.9985
13.014
12.9985
13.014
13.0135
13.0125
13.0129
13.014
13.0129
13.014
13.0145
13.014
13.001
12.925
13.0
13.0
13.0005
12.9845
13.0005
13.016
13.0
13.0
12.9842
13.0
13.0157
12.984
12.9997
13.0157
12.9842
13.0002
13.016
12.9842
13.0002
13.016
12.9845
13.0007
12.9847
13.0005
12.9847
13.0005
13.032
12.984
12.9997
13.0157
13.0
