6.8779
6.8799
6.8798
6.8798
6.8798
6.8775
6.8787
6.8787
6.8788
6.8764
6.8766
6.8766
6.8744
6.8769
6.8765
6.8765
6.8752
6.8773
6.876
6.876
6.8752
6.8783
6.8778
6.8779
6.8801
6.8772
6.8775
6.8775
6.8783
6.8768
6.8777
6.8782
6.8784
6.8767
6.8771
6.8774
6.8767
6.8796
6.8797
6.8797
6.8776
6.8794
6.8794
6.8765
6.8782
6.8784
6.8776
6.8781
6.878
6.8756
6.8769
6.8769
6.8774
6.8758
6.8769
6.8769
6.8745
6.8756
6.8756
6.8752
6.8774
6.8762
6.8762
6.8741
6.8777
6.8766
6.8766
6.8763
6.8776
6.8774
6.8774
6.8772
6.8785
6.878
6.878
6.876
6.8789
6.8786
6.8786
6.8784
6.8809
6.88
6.88
6.8802
6.8791
6.8795
6.8797
6.8799
6.8756
6.8757
6.8757
6.8781
6.8774
6.8771
6.8775
6.875
6.8758
6.8758
6.8749
6.8764
6.8759
6.8759
6.8753
6.8769
6.8759
6.8759
6.8763
6.8744
6.8745
6.8745
6.8755
6.8735
6.8743
6.8743
6.8725
6.876
6.8756
6.8756
6.8757
6.8743
6.8749
6.8749
6.8728
6.8756
6.8752
6.8752
6.8753
6.8737
6.875
6.8751
6.8783
6.8732
6.8739
6.8739
6.8741
6.8712
6.872
6.872
6.8711
6.8773
6.8773
6.8773
6.8774
6.8738
6.8742
6.8742
6.8747
6.8732
6.8734
6.8734
6.8744
6.8729
6.8735
6.8735
6.8734
6.8752
6.8749
6.8751
6.8764
6.8756
6.8756
6.8759
6.8744
6.8746
6.8746
6.8744
6.8755
6.8753
6.8753
6.8747
6.8776
6.8762
6.8762
6.8742
6.8746
6.8746
6.8752
6.874
6.8746
6.8746
6.8755
6.8742
6.8744
6.8744
6.8751
6.873
6.8742
6.8742
6.8748
6.8719
6.8721
6.8721
6.8713
6.8724
6.8716
6.8716
6.8709
6.8726
6.8717
6.8713
6.8725
6.8711
6.8712
6.8711
6.8721
6.8698
6.8702
6.8702
6.8704
6.8693
6.8699
6.8699
6.8698
6.8741
6.8739
6.8739
6.8741
6.8727
6.8727
6.8724
6.8741
6.8735
6.8735
6.8743
6.8729
6.8737
6.8738
6.8735
6.8751
6.8745
6.8745
6.8745
6.8721
6.8738
6.8738
6.873
6.8786
6.8779
6.8779
6.876
6.8794
6.8788
6.8788
6.8791
6.8745
6.877
6.877
6.8788
6.8728
6.8771
6.8772
6.874
6.8778
6.8775
6.8775
6.8797
6.8785
6.8785
6.8789
6.8774
6.8784
6.8784
6.8784
6.877
6.8772
6.8772
6.8781
6.8764
6.8766
6.8766
6.8771
6.8722
6.8727
6.8727
6.8713
6.873
6.8728
6.8728
6.8735
6.8725
6.8727
6.8727
6.8709
6.8731
6.8731
6.8731
6.8749
6.8738
6.8739
6.8736
6.8753
6.8745
6.8746
6.8743
6.8789
6.8786
6.8786
6.8787
6.8775
6.8775
6.8795
6.8765
6.8791
6.8791
6.8797
6.8777
6.8779
6.8779
6.879
6.8761
6.8769
6.8769
6.8764
6.8804
6.88
6.88
6.8799
6.8817
6.8816
6.8816
6.8814
6.8834
6.8827
6.8828
6.8823
6.8837
6.8829
6.8829
6.8817
6.8839
6.8821
6.8821
6.8818
6.8844
6.8842
6.8842
6.8845
6.8834
6.8837
6.8837
6.8838
6.8822
6.8823
6.8824
6.8832
6.8819
6.8827
6.8827
6.882
6.8837
6.8836
6.8836
6.884
6.8823
6.8826
6.8826
6.8833
6.8819
6.8821
6.8821
6.8816
6.883
6.8822
6.8822
6.8835
6.8828
6.8828
6.8825
6.8836
6.8834
6.8834
6.8834
6.8827
6.8831
6.8831
6.8832
6.8824
6.8829
6.8829
6.8827
6.8848
6.8845
6.8845
6.8843
6.8864
6.8857
6.8857
6.8853
6.8859
6.8858
6.8858
6.886
6.8849
6.885
6.8852
6.8839
6.8844
6.8844
6.8853
6.8843
6.8849
6.8849
6.8841
6.8867
6.8858
6.8858
6.8851
6.8871
6.8868
6.8868
6.8887
6.8884
6.8884
6.8892
6.8881
6.8881
6.8881
6.8874
6.8896
6.8891
6.8891
6.8891
6.8911
6.8908
6.8908
6.8883
6.8884
6.8885
6.8881
6.8889
6.8885
6.8885
6.8888
6.8873
6.8881
6.8881
6.8882
6.8866
6.8875
6.8875
6.8876
6.8866
6.8871
6.8871
6.8867
6.8876
6.8872
6.8873
6.887
6.8895
6.8889
6.8889
6.888
6.8896
6.8894
6.8894
6.8892
6.8933
6.8933
6.8933
6.8933
6.8899
6.891
6.891
6.8903
6.8952
6.8935
6.8935
6.8941
6.8918
6.8924
6.8924
6.8926
6.8913
6.8918
6.8918
6.8911
6.8929
6.8925
6.8925
6.8929
6.8918
6.8921
6.8923
6.8932
6.8907
6.8911
6.8911
6.8917
6.8898
6.89
6.89
6.8896
6.8915
6.8903
6.8903
6.8906
6.8892
6.8903
6.8903
6.8908
6.8864
6.8868
6.8868
6.8869
6.8856
6.8858
6.8859
6.8855
6.8867
6.8857
6.8857
6.8866
6.8855
6.8857
6.8858
6.8865
6.8855
6.8858
6.8858
6.8854
6.8864
6.8856
6.8856
6.8854
6.886
6.8857
6.8857
6.8853
6.8866
6.8863
6.8864
6.8862
6.8869
6.8869
6.8869
6.8869
6.8862
6.8865
6.8865
6.8869
6.8861
6.8864
6.8864
6.8868
6.8858
6.8862
6.8862
6.8868
6.886
6.8865
6.8865
6.8858
6.8867
6.8865
6.8866
6.8868
6.8863
6.8864
6.8863
6.8875
6.8875
6.8875
6.8873
6.8893
6.8891
6.8891
6.8894
6.8881
6.8885
6.8885
6.8888
6.888
6.8883
6.8883
6.8887
6.8876
6.8878
6.8878
6.8882
6.8877
6.888
6.888
6.8874
6.8895
6.889
6.8889
6.8898
6.8882
6.8884
6.8884
6.8874
6.8886
6.8882
6.8882
6.8882
6.8896
6.8895
6.8895
6.889
6.8907
6.8905
6.8903
6.8907
6.8899
6.8902
6.8902
6.89
6.8909
6.8903
6.8902
6.8904
6.8896
6.8897
6.8897
6.8888
6.89
6.8895
6.8895
6.8897
6.8892
6.8892
6.8892
6.8896
6.8883
6.8883
6.8879
6.8893
6.8892
6.8892
6.8894
6.8877
6.8876
6.8876
6.8889
6.8886
6.8886
6.8883
6.8902
6.8899
6.8899
6.8903
6.8892
6.8898
6.8898
6.8903
6.8886
6.8886
6.8886
6.8896
6.8878
6.8878
6.8878
6.8885
6.8874
6.8876
6.8876
6.887
6.8902
6.8896
6.8896
6.8901
6.8865
6.8872
6.8872
6.8877
6.8867
6.8868
6.8869
6.8871
6.8864
6.8866
6.8866
6.8861
6.8872
6.8872
6.8872
6.8886
6.8865
6.8873
6.8873
6.8872
6.89
6.888
6.888
6.8886
6.8858
6.8858
6.8864
6.8794
6.8798
6.8798
6.8797
6.8815
6.8804
6.8804
6.8803
6.8812
6.8809
6.8809
6.8799
6.883
6.8826
6.8826
6.8863
6.8861
6.8861
6.8861
6.8762
6.8762
6.8766
6.8726
6.8754
6.8754
6.8752
6.8792
6.8788
6.8788
6.878
6.8802
6.8799
6.8798
6.8806
6.8782
6.8789
6.8788
6.8802
6.8777
6.8782
6.8782
6.8759
6.8785
6.8779
6.8779
6.8802
6.8799
6.8799
6.878
6.8822
6.8821
6.8821
6.8808
6.8847
6.8841
6.8841
6.8829
6.8859
6.8836
6.8836
6.8839
6.8811
6.8824
6.8824
6.8829
6.8805
6.8817
6.8818
6.8831
6.8798
6.8799
6.8799
6.8784
6.8805
6.8804
6.8804
6.8803
6.8838
6.8832
6.8832
6.8844
6.8826
6.8833
6.8833
6.8818
6.8872
6.8864
6.8864
6.8896
6.8819
6.8822
6.8822
6.882
6.8883
6.8851
6.8851
6.8853
6.8817
6.8841
6.8841
6.8847
6.8778
6.88
6.88
6.8807
6.8759
6.8783
6.8783
6.876
6.8787
6.8774
6.8774
6.8766
6.8789
6.8776
6.8777
6.8792
6.876
6.877
6.877
6.8784
6.8747
6.8762
6.8762
6.8754
6.8776
6.8765
6.8765
6.8498
6.8537
6.8538
6.854
6.845
6.8462
6.8462
6.8505
6.8443
6.8451
6.8451
6.845
6.8522
6.852
6.852
6.8514
6.8585
6.8582
6.8581
6.8591
6.8494
6.8497
6.8497
6.8507
6.8473
6.8493
6.8493
6.8261
6.8277
6.8277
6.8248
6.8311
6.8308
6.8308
6.8346
6.8289
6.8307
6.8308
6.8286
6.8339
6.8319
6.8319
6.8278
6.8335
6.8288
6.8288
6.8296
6.8274
6.8284
6.8284
6.8283
6.8326
6.8306
6.8306
6.8296
6.8321
6.8321
6.8385
6.837
6.837
6.8375
6.8323
6.8341
6.8341
6.834
6.8371
6.837
6.837
6.8366
6.84
6.8388
6.8388
6.8378
6.8402
6.8388
6.8388
6.8398
6.8364
6.8364
6.8364
6.8424
6.8411
6.8411
6.8411
6.8375
6.8389
6.8389
6.8385
6.8413
6.8393
6.8393
6.8388
6.8427
6.8418
6.8418
6.8411
6.8485
6.8465
6.8465
6.8466
6.8445
6.8452
6.8452
6.8453
6.8416
6.842
6.842
6.8402
6.8457
6.8453
6.8453
6.8447
6.8478
6.8459
6.846
6.8455
6.8499
6.8473
6.8473
6.8467
6.8481
6.8474
6.8474
6.8461
6.8493
6.8492
6.8492
6.8486
6.8531
6.853
6.853
6.8526
6.8558
6.8532
6.8532
6.8554
6.8471
6.8474
6.8474
6.8415
6.8479
6.8421
6.8421
6.8421
6.8341
6.8365
6.8365
6.8373
6.8355
6.8355
6.8347
6.836
6.836
6.8359
6.8396
6.8393
6.8393
6.8395
6.836
6.8363
6.8363
6.8347
6.8376
6.8361
6.8361
6.8304
6.8328
6.8328
6.8334
6.8284
6.829
6.829
6.8295
6.828
6.8292
6.8292
6.8296
6.8211
6.8211
6.8211
6.822
6.8171
6.8179
6.8179
6.8177
6.8221
6.8207
6.8209
6.8208
6.8306
6.8306
6.8316
6.8275
6.8308
6.8308
6.8308
6.8248
6.8253
6.8253
6.8242
6.8281
6.8273
6.8273
6.8273
6.8307
6.8291
6.8291
6.8277
6.8306
6.8298
6.8298
6.8303
6.8286
6.8299
6.8299
6.8342
6.8325
6.8326
6.8339
6.8317
6.832
6.832
6.8317
6.8345
6.8325
6.8325
6.8342
6.8309
6.8315
6.8315
6.8325
6.8267
6.8295
6.8295
6.83
6.8258
6.8259
6.826
6.8267
6.8231
6.8231
6.8231
6.8156
6.8156
6.8162
6.8076
6.8088
6.8088
6.8242
6.8239
6.824
6.824
6.8123
6.8133
6.8133
6.8133
6.7958
6.8026
6.8026
6.802
6.8112
6.8112
6.8112
6.813
6.8076
6.8078
6.8078
6.8077
6.8112
6.81
6.81
6.8107
6.8041
6.8042
6.8042
6.8061
6.8006
6.8006
6.8027
6.7986
6.7987
6.7987
6.7995
6.797
6.7984
6.7984
6.7981
6.8015
6.7984
6.7984
6.7964
6.8022
6.802
6.802
6.799
6.8026
6.8021
6.8021
6.8018
6.8079
6.807
6.807
6.8059
6.8121
6.81
6.81
6.8106
6.8052
6.806
6.806
6.8059
6.8082
6.8067
6.8067
6.806
6.8087
6.8086
6.8086
6.8059
6.8119
6.8119
6.8119
6.8109
6.8138
6.8136
6.8136
6.8126
6.8161
6.8143
6.8143
6.8137
6.8176
6.8169
6.817
6.8172
6.8138
6.8153
6.8153
6.8164
6.8111
6.8115
6.8115
6.8179
6.8165
6.8165
6.8174
6.8146
6.815
6.815
6.814
6.8166
6.8161
6.816
6.8171
6.8147
6.8154
6.8154
6.8154
6.8193
6.8176
6.8176
6.8161
6.8194
6.8167
6.8167
6.8157
6.8201
6.8192
6.8192
6.8195
6.8127
6.8133
6.8134
6.8117
6.8181
6.8156
6.8156
6.8153
6.8209
6.8209
6.8209
6.8222
6.82
6.8202
6.8202
6.8206
6.8165
6.8168
6.8169
6.8178
6.8154
6.816
6.816
6.8166
6.8149
6.8157
6.8157
6.8156
6.8203
6.8203
6.8205
6.8168
6.8194
6.8194
6.8192
6.826
6.8242
6.8243
6.8249
6.8176
6.8176
6.8176
6.8172
6.8195
6.8192
6.8192
6.8193
6.8166
6.8168
6.8168
6.8173
6.8102
6.8104
6.8105
6.8103
6.8131
6.8126
6.8126
6.8097
6.8105
6.8105
6.8119
6.8096
6.8102
6.8102
6.81
6.8178
6.8163
6.8163
6.8168
6.814
6.8145
6.8145
6.8127
6.815
6.815
6.815
6.8144
6.8178
6.8168
6.8168
6.8195
6.8161
6.8178
6.8178
6.8178
6.8253
6.8252
6.8252
6.8259
6.8228
6.8229
6.8229
6.8231
6.8175
6.8178
6.8178
6.8187
6.8147
6.8156
6.8156
6.8155
6.8184
6.8173
6.8173
6.8172
6.8207
6.8206
6.8206
6.8206
6.8142
6.8145
6.8145
6.815
6.8105
6.8121
6.8121
6.8125
6.8099
6.8109
6.8109
6.8109
6.8149
6.8141
6.8141
6.8143
6.811
6.8111
6.8111
6.8113
6.8089
6.8093
6.8093
6.8121
6.8062
6.8064
6.8064
6.8109
6.8099
6.8099
6.8097
6.8123
6.8106
6.8106
6.8115
6.8059
6.8078
6.8078
6.8088
6.8044
6.8055
6.8055
6.8064
6.8044
6.805
6.805
6.8047
6.8071
6.8071
6.8076
6.8043
6.8048
6.8048
6.8064
6.8039
6.8059
6.8059
6.807
6.8041
6.8042
6.8042
6.8034
6.8097
6.809
6.809
6.8082
6.8104
6.8101
6.8101
6.8094
6.8116
6.8098
6.8098
6.8097
6.8141
6.8133
6.8133
6.8129
6.8171
6.8153
6.8152
6.8165
6.8114
6.8118
6.8118
6.8132
6.8097
6.8097
6.8098
6.8053
6.8058
6.8058
6.8041
6.8062
6.8062
6.8062
6.8066
6.7947
6.795
6.795
6.7937
6.7982
6.7961
6.7961
6.7959
6.7982
6.7963
6.7963
6.797
6.7931
6.7949
6.7949
6.7948
6.7966
6.7958
6.7958
6.7951
6.7976
6.7969
6.7969
6.7998
6.7996
6.7996
6.8
6.7957
6.7966
6.7966
6.7967
6.7919
6.7929
6.7929
6.7914
6.7926
6.7926
6.7924
6.7958
6.7958
6.7958
6.7956
6.7994
6.7984
6.7984
6.7977
6.8005
6.7996
6.7996
6.8
6.799
6.7995
6.7995
6.7995
6.7979
6.7983
6.7983
6.7989
6.7966
6.7966
6.7966
6.7976
6.7955
6.7962
6.7962
6.7955
6.7973
6.7969
6.7969
6.7968
6.7997
6.7984
6.7984
6.7989
6.7971
6.7972
6.7972
6.7978
6.7966
6.7966
6.7964
6.7978
6.7971
6.7971
6.7971
6.7958
6.7969
6.7969
6.7921
6.7923
6.7923
6.7913
6.7935
6.7935
6.7935
6.7917
6.7939
6.7939
6.7968
6.7957
6.7957
6.7964
6.794
6.7942
6.7942
6.7945
6.7926
6.7934
6.7934
6.794
6.791
6.7912
6.7912
6.7917
6.7901
6.7913
6.7913
6.791
6.7973
6.7918
6.7918
6.7919
6.7888
6.7888
6.7895
6.7881
6.7889
6.7889
6.7881
6.7896
6.7892
6.7892
6.7893
6.787
6.7871
6.7871
6.7859
6.7882
6.7882
6.7882
6.7897
6.7879
6.788
6.788
6.7882
6.7861
6.7864
6.7864
6.7863
6.7878
6.7865
6.7865
6.7875
6.7846
6.785
6.785
6.7842
6.7871
6.7851
6.7851
6.7849
6.7868
6.7866
6.7867
6.7865
6.7879
6.7879
6.7879
6.788
6.7866
6.7877
6.7877
6.787
6.7884
6.7882
6.7882
6.7882
6.7896
6.7895
6.7895
6.7896
6.7871
6.7884
6.7884
6.7877
6.7893
6.7883
6.7883
6.7884
6.7867
6.7874
6.7874
6.7872
6.7896
6.7893
6.7894
6.7897
6.788
6.7884
6.7884
6.7898
6.7878
6.7896
6.7896
6.7889
6.791
6.791
6.791
6.7919
6.7902
6.7908
6.7908
6.7903
6.7916
6.7912
6.7912
6.7916
6.7907
6.7913
6.7913
6.79
6.7916
6.7914
6.7914
6.7913
6.7935
6.792
6.792
6.7918
6.7932
6.7927
6.7927
6.7932
6.7921
6.7927
6.7927
6.7931
6.7916
6.7919
6.7919
6.7921
6.7894
6.7912
6.7912
6.7905
6.7915
6.7909
6.7909
6.7897
6.7909
6.7904
6.7904
6.7906
6.7871
6.7883
6.7883
6.7881
6.7895
6.7895
6.7895
6.7909
6.7888
6.7889
6.7889
6.7886
6.79
6.7894
6.7894
6.7906
6.7891
6.7891
6.7891
6.7902
6.7882
6.7896
6.7896
6.7889
6.7902
6.7902
6.7902
6.7902
6.7885
6.7885
6.7885
6.788
6.7895
6.7885
6.7885
6.7886
6.7878
6.788
6.788
6.7869
6.7891
6.7889
6.7889
6.7893
6.7884
6.7888
6.7888
6.7892
6.7878
6.788
6.788
6.7888
6.7868
6.7875
6.7875
6.7862
6.7862
6.7869
6.7857
6.7859
6.7859
6.7862
6.7857
6.7857
6.7857
6.7867
6.7857
6.7858
6.7857
6.785
6.7872
6.7869
6.7869
6.787
6.7863
6.7864
6.7864
6.7862
6.788
6.788
6.788
6.7883
6.7873
6.7873
6.7874
6.786
6.7876
6.7875
6.7875
6.7868
6.7878
6.7873
6.7873
6.7868
6.7878
6.7876
6.7876
6.7875
6.7901
6.7887
6.7888
6.7883
6.791
6.79
6.79
6.7904
6.789
6.7898
6.7898
6.787
6.791
6.7909
6.7909
6.7918
6.7891
6.7892
6.7892
6.7896
6.7847
6.7856
6.7855
6.7854
6.7875
6.7872
6.7872
6.7857
6.7879
6.7877
6.7877
6.7873
6.7884
6.7875
6.7875
6.7874
6.788
6.7878
6.7878
6.789
6.7869
6.7871
6.7871
6.7868
6.7893
6.789
6.789
6.789
6.7913
6.791
6.791
6.7908
6.7919
6.7913
6.7912
6.7916
6.7905
6.7913
6.7913
6.7918
6.7909
6.791
6.791
6.7914
6.7895
6.7895
6.7895
6.7896
6.7863
6.7865
6.7865
6.7861
6.7878
6.7875
6.7875
6.789
6.788
6.788
6.7883
6.7868
6.7877
6.7877
6.7877
6.7867
6.7869
6.7869
6.7871
6.7863
6.7869
6.7869
6.7871
6.7866
6.7867
6.7867
6.7866
6.7872
6.7869
6.7869
6.7868
6.7881
6.7878
6.7878
6.7881
6.7872
6.7874
6.7874
6.7868
6.788
6.788
6.788
6.788
6.7862
6.7863
6.7863
6.7862
6.7865
6.7865
