3.7502
3.7501
3.7503
3.7503
3.7503
3.7503
3.75
3.7503
3.7503
3.7502
3.7503
3.7503
3.7502
3.7508
3.7501
3.7502
3.7502
3.7502
3.7505
3.7503
3.7503
3.7503
3.7503
3.7503
3.7505
3.7501
3.7503
3.7503
3.7503
3.7505
3.7503
3.7503
3.7502
3.7503
3.7503
3.7501
3.7505
3.7503
3.7503
3.7505
3.7503
3.7503
3.7503
3.7501
3.7503
3.7503
3.7503
3.7503
3.7503
3.7503
3.7505
3.7501
3.7503
3.7503
3.7502
3.7503
3.7503
3.7503
3.7503
3.7503
3.7502
3.7503
3.7503
3.7503
3.7503
3.7503
3.7503
3.7502
3.7504
3.7503
3.7503
3.7502
3.7503
3.7503
3.7502
3.7503
3.7503
3.7503
3.7502
3.7506
3.7503
3.7503
3.7502
3.7505
3.7503
3.7503
3.7501
3.7505
3.7503
3.7503
3.7502
3.7505
3.7503
3.7503
3.7502
3.7503
3.7503
3.7502
3.7505
3.7503
3.7503
3.7505
3.7502
3.7503
3.7503
3.7502
3.7505
3.7503
3.7503
3.7502
3.7502
3.7502
3.7501
3.7503
3.7501
3.7501
3.7503
3.7499
3.7503
3.7503
3.7502
3.7503
3.7503
3.7501
3.7503
3.7502
3.7502
3.7503
3.7501
3.7503
3.7503
3.7503
3.7502
3.7503
3.7503
3.7503
3.7505
3.7503
3.7503
3.7503
3.7503
3.7503
3.7503
3.7503
3.7503
3.7502
3.7503
3.7503
3.7503
3.7501
3.7502
3.7502
3.7501
3.7503
3.7503
3.7503
3.7502
3.7503
3.7503
3.7501
3.7503
3.7503
3.7503
3.7502
3.7503
3.7503
3.7503
3.7502
3.7503
3.7503
3.7502
3.7503
3.7503
3.7503
3.7506
3.7503
3.7503
3.7502
3.7503
3.7503
3.7503
3.7503
3.7503
3.7502
3.7503
3.7503
3.7503
3.7503
3.7503
3.7503
3.7503
3.7503
3.7503
3.7503
3.7501
3.7503
3.7503
3.7503
3.7503
3.7503
3.7502
3.7503
3.7503
3.7503
3.7501
3.7503
3.7503
3.7502
3.7503
3.7503
3.7501
3.7503
3.7503
3.7503
3.7503
3.7501
3.7502
3.7502
3.7504
3.7503
3.7503
3.7501
3.7502
3.7502
3.7503
3.7503
3.7503
3.7502
3.7504
3.7503
3.7503
3.7501
3.7503
3.7503
3.7502
3.7503
3.7503
3.7503
3.7502
3.7503
3.7503
3.7501
3.7503
3.7503
3.7503
3.7501
3.7503
3.7503
3.7503
3.7501
3.7503
3.7503
3.7503
3.7501
3.7501
3.7505
3.7501
3.7503
3.7503
3.7504
3.7503
3.7503
3.7501
3.7504
3.7503
3.7503
3.7504
3.7503
3.7503
3.7501
3.7504
3.7503
3.7503
3.7501
3.7504
3.7503
3.7503
3.7504
3.7503
3.7503
3.7503
3.7502
3.7504
3.7504
3.7503
3.7504
3.7502
3.7502
3.7502
3.7501
3.7504
3.7503
3.7503
3.7503
3.7504
3.7503
3.7503
3.7504
3.7501
3.7502
3.7502
3.7501
3.7503
3.7503
3.7503
3.7502
3.7503
3.7503
3.7503
3.7501
3.7503
3.7503
3.7502
3.7503
3.7503
3.7503
3.7504
3.7502
3.7503
3.7503
3.7502
3.7504
3.7503
3.7502
3.7504
3.7503
3.7503
3.7504
3.7501
3.7502
3.7502
3.7501
3.7503
3.7503
3.7503
3.7502
3.7502
3.7502
3.7501
3.7503
3.7503
3.7503
3.7504
3.7502
3.7503
3.7503
3.7504
3.7503
3.7503
3.7501
3.7504
3.7503
3.7503
3.7503
3.7504
3.7504
3.7504
3.7503
3.7503
3.7503
3.7502
3.7502
3.7502
3.7501
3.7503
3.7503
3.7503
3.7503
3.7501
3.7503
3.7503
3.7501
3.7502
3.7502
3.7503
3.7501
3.7503
3.7503
3.7501
3.7503
3.7503
3.7503
3.7503
3.7503
3.7503
3.7503
3.7502
3.7503
3.7502
3.7505
3.7504
3.7503
3.7503
3.7504
3.7503
3.7503
3.7505
3.7503
3.7503
3.7503
3.7501
3.7503
3.7503
3.7503
3.7503
3.7503
3.7503
3.7503
3.7503
3.7503
3.7502
3.7503
3.7503
3.7503
3.7501
3.7502
3.7502
3.7503
3.7502
3.7501
3.7502
3.7503
3.7503
3.7502
3.7503
3.7503
3.7503
3.7503
3.7503
3.7503
3.7504
3.7502
3.7503
3.7503
3.7503
3.7503
3.7503
3.7503
3.7503
3.7503
3.7503
3.7503
3.7502
3.7503
3.7503
3.7503
3.7502
3.7502
3.7501
3.7502
3.7502
3.7504
3.7502
3.7503
3.7503
3.7502
3.7502
3.7501
3.7503
3.7503
3.7503
3.7505
3.7503
3.7503
3.7503
3.7502
3.7502
3.7503
3.7502
3.7503
3.7503
3.7505
3.7503
3.7503
3.751
3.7503
3.7503
3.7503
3.7501
3.7501
3.7506
3.7505
3.7499
3.7498
3.7497
3.7496
3.7496
3.7496
3.7499
3.7496
3.7497
3.7499
3.7505
3.7497
3.7498
3.7503
3.7498
3.7499
3.7499
3.7499
3.7503
3.7503
3.7503
3.7501
3.7501
3.7505
3.7501
3.7501
3.7502
3.7501
3.7501
3.7505
3.7501
3.7504
3.7505
3.7507
3.7498
