8.1775
8.1764
8.1875
8.1875
8.1886
8.1875
8.1886
8.1903
8.1961
8.1961
8.1986
8.1638
8.1638
8.1607
8.177
8.177
8.1758
8.1758
8.1786
8.1769
8.1769
8.1795
8.177
8.1775
8.177
8.1775
8.1775
8.1772
8.1779
8.1779
8.1784
8.1723
8.1781
8.1781
8.1769
8.1825
8.182
8.182
8.1836
8.1825
8.1825
8.1854
8.1789
8.1798
8.1798
8.1835
8.1825
8.1825
8.1763
8.1786
8.1786
8.1747
8.1771
8.1771
8.1768
8.1768
8.1768
8.1764
8.18
8.1733
8.1785
8.1798
8.1801
8.1767
8.1786
8.1798
8.182
8.175
8.1776
8.1777
8.1777
8.1775
8.1785
8.1784
8.1784
8.1787
8.178
8.178
8.178
8.1781
8.1776
8.1778
8.1777
8.1774
8.1775
8.1774
8.1784
8.1768
8.1777
8.1777
8.1775
8.1798
8.1794
8.1793
8.1795
8.1795
8.1761
8.18
8.1777
8.178
8.1773
8.1803
8.1781
8.1782
8.1805
8.177
8.1785
8.1785
8.1742
8.1809
8.1789
8.1788
8.1756
8.1836
8.1792
8.1791
8.183
8.1798
8.1799
8.1813
8.1776
8.1798
8.1798
8.1794
8.1826
8.1822
8.1822
8.182
8.1851
8.1849
8.1859
8.1788
8.1833
8.1833
8.1886
8.1806
8.1836
8.1836
8.1917
8.1738
8.1789
8.1789
8.1795
8.1716
8.1763
8.1763
8.1835
8.172
8.183
8.1827
8.1764
8.1768
8.1764
8.1847
8.175
8.178
8.1781
8.1753
8.1809
8.179
8.1789
8.176
8.1855
8.1819
8.182
8.1814
8.189
8.185
8.1868
8.1932
8.1852
8.1854
8.1854
8.1861
8.181
8.1839
8.1839
8.1817
8.1853
8.1845
8.1845
8.1846
8.184
8.1843
8.1843
8.1851
8.1812
8.1812
8.1812
8.1845
8.181
8.181
8.181
8.181
8.1862
8.1848
8.1848
8.1826
8.1893
8.1871
8.1871
8.1876
8.185
8.1873
8.1873
8.1852
8.1864
8.1864
8.1873
8.1836
8.1869
8.1869
8.1786
8.1875
8.1871
8.1871
8.1881
8.1857
8.1873
8.1873
8.1859
8.1877
8.1874
8.1874
8.1927
8.1843
8.1877
8.1887
8.1904
8.1852
8.187
8.187
8.1892
8.1865
8.1871
8.1871
8.188
8.1859
8.1873
8.1873
8.1876
8.1683
8.1692
8.1691
8.168
8.1798
8.1756
8.1756
8.1799
8.1674
8.1685
8.1685
8.1721
8.168
8.1683
8.1683
8.1761
8.1648
8.1648
8.1648
8.1637
8.1671
8.1648
8.1648
8.1633
8.1693
8.1635
8.1635
8.1693
8.1636
8.1636
8.1694
8.1635
8.1643
8.1643
8.1632
8.1798
8.1798
8.1859
8.1663
8.1705
8.1705
8.1693
8.1849
8.1835
8.1835
8.1917
8.1796
8.1799
8.1803
8.1702
8.1867
8.1858
8.1858
8.1872
8.1737
8.1737
8.1824
8.1668
8.17
8.17
8.1679
8.1866
8.1805
8.1805
8.1847
8.1625
8.1775
8.1775
8.1807
8.1609
8.1696
8.1696
8.1612
8.1775
8.1631
8.1597
8.1597
8.1886
8.1861
8.1861
8.1697
8.1933
8.1827
8.1827
8.1857
8.1723
8.1833
8.1845
8.1869
8.1813
8.1824
8.1824
8.1827
8.1792
8.1813
8.1813
8.1809
8.1836
8.1822
8.1822
8.1849
8.1737
8.1828
8.1828
8.1848
8.1752
8.1834
8.1834
8.1882
8.1754
8.1821
8.1824
8.1798
8.1834
8.1822
8.1822
8.1829
8.1795
8.1822
8.1822
8.1835
8.1798
8.1822
8.1822
8.185
8.1798
8.1823
8.1823
8.1873
8.1802
8.1826
8.1826
8.1828
8.1801
8.1801
8.1801
8.1798
8.1903
8.1824
8.1836
8.184
8.181
8.1811
8.1811
8.1838
8.181
8.1832
8.1832
8.1811
8.1847
8.1842
8.1838
8.1835
8.1851
8.1843
8.1843
8.1856
8.1835
8.1835
8.1825
8.1864
8.1864
8.1874
8.1834
8.1852
8.1852
8.1877
8.1834
8.1836
8.1838
8.1866
8.1825
8.1856
8.1846
8.1861
8.1822
8.1823
8.1823
8.1839
8.1804
8.1821
8.1827
8.1786
8.1835
8.1819
8.1819
8.1835
8.1774
8.1821
8.1821
8.1842
8.1813
8.1822
8.1822
8.1837
8.1813
8.1822
8.1822
8.1837
8.1815
8.1823
8.1823
8.1839
8.1816
8.1823
8.1823
8.1839
8.1817
8.1824
8.184
8.1845
8.1811
8.1823
8.1823
8.1838
8.1792
8.1792
8.1792
8.1834
8.1817
8.1806
8.1805
8.1883
8.1822
8.1822
8.1837
8.1812
8.1821
8.1821
8.1819
8.1846
8.1822
8.1822
8.1842
8.1801
8.1803
8.1803
8.1802
8.1828
8.1822
8.1822
8.1843
8.1816
8.1816
8.1816
8.1832
8.1777
8.1817
8.1817
8.1833
8.179
8.1807
8.1807
8.1839
8.18
8.1808
8.1808
8.1839
8.1793
8.1807
8.1807
8.183
8.1801
8.1801
8.18
8.1845
8.1829
8.1829
8.18
8.1835
8.1808
8.1808
8.1806
8.182
8.1819
8.1819
8.181
8.1837
8.1821
8.1821
8.1825
8.1815
8.1819
8.1819
8.1838
8.1812
8.1824
8.1824
8.182
8.1833
8.1824
8.1824
8.1827
8.1817
8.1822
8.1822
8.1823
8.1814
8.1823
8.1833
8.1863
8.1814
8.1823
8.1823
8.185
8.1848
8.1848
8.1833
8.192
8.1861
8.1861
8.1866
8.1846
8.1849
8.1849
8.186
8.1842
8.1842
8.1833
8.1863
8.184
8.1855
8.1859
8.1828
8.1839
8.1845
8.1861
8.1823
8.1847
8.1847
8.1855
8.1815
8.1829
8.183
8.1811
8.1853
8.1814
8.1814
8.1809
8.1874
8.1854
8.1854
8.1846
8.1886
8.1874
8.1873
8.1878
8.1852
8.1859
8.1857
8.1833
8.1895
8.186
8.186
8.1925
8.1845
8.1854
8.1854
8.1844
8.1869
8.1869
8.1869
8.1896
8.189
8.1866
8.187
8.1855
8.1889
8.1873
8.1873
8.1888
8.1888
8.1927
8.1865
8.1871
8.1867
8.1866
8.1912
8.1871
8.188
8.184
8.1849
8.1849
8.1832
8.186
8.1855
8.1864
8.1897
8.1842
8.186
8.186
8.1886
8.1844
8.1861
8.1859
8.1855
8.19
8.1891
8.1893
8.1855
8.1895
8.186
8.186
8.1898
8.1723
8.1728
8.1727
8.1752
8.1632
8.1708
8.1708
8.1707
8.1809
8.1721
8.1721
8.172
8.1845
8.184
8.184
8.1828
8.1847
8.1847
8.1847
8.1859
8.1819
8.1821
8.1821
8.1832
8.179
8.1793
8.1793
8.1791
8.1807
8.1804
8.1804
8.1807
8.1774
8.1777
8.1777
8.1771
8.1805
8.1803
8.1803
8.1781
8.1826
8.1787
8.1787
8.1812
8.1725
8.1772
8.1772
8.1774
8.1693
8.1738
8.1738
8.1707
8.1712
8.1712
8.1727
8.1676
8.1704
8.1704
8.1726
8.17
8.1717
8.1717
8.1698
8.1727
8.1712
8.1712
8.1751
8.1701
8.1701
8.1696
8.1737
8.173
8.173
8.1727
8.1824
8.1789
8.1789
8.1804
8.1763
8.1768
8.1768
8.1757
8.1854
8.184
8.184
8.1854
8.178
8.1804
8.1804
8.183
8.177
8.1785
8.1785
8.1773
8.1829
8.1817
8.1818
8.1811
8.1862
8.1859
8.1859
8.186
8.1821
8.1838
8.1838
8.1841
8.1777
8.1823
8.1823
8.1844
8.1771
8.1789
8.1789
8.1744
8.1792
8.1746
8.1746
8.1686
8.1766
8.1749
8.1749
8.1761
8.1714
8.1748
8.1748
8.1753
8.1726
8.1743
8.1743
8.1748
8.1719
8.1719
8.1714
8.1759
8.1756
8.1756
8.1831
8.1723
8.1736
8.1736
8.1756
8.1676
8.17
8.17
8.1699
8.1727
8.1707
8.1708
8.1707
8.1733
8.1731
8.1731
8.1724
8.1746
8.1736
8.1736
8.1735
8.1823
8.178
8.1779
8.1775
8.1838
8.1798
8.1798
8.178
8.187
8.1869
8.1869
8.1871
8.181
8.181
8.1785
8.1826
8.1809
8.1809
8.1817
8.1729
8.1746
8.1748
8.1747
8.177
8.1769
8.1769
8.1751
8.1858
8.1841
8.1841
8.1826
8.1905
8.1905
8.1905
8.1888
8.1948
8.1947
8.1947
8.191
8.1952
8.1951
8.1951
8.2085
8.2065
8.2065
8.1978
8.1981
8.1982
8.1943
8.1991
8.1978
8.1978
8.2001
8.1948
8.1978
8.1978
8.2032
8.2032
8.2032
8.201
8.2081
8.2063
8.2063
8.206
8.2132
8.2105
8.2105
8.2125
8.208
8.2094
8.2094
8.2094
8.216
8.2144
8.2144
8.2156
8.2098
8.2119
8.2118
8.2107
8.2156
8.2125
8.2125
8.2133
8.2124
8.2126
8.2126
8.2128
8.2106
8.2125
8.2125
8.212
8.2174
8.2173
8.2173
8.218
8.2108
8.2121
8.2123
8.2113
8.214
8.2126
8.2126
8.2124
8.2174
8.215
8.2147
8.2153
8.2118
8.212
8.212
8.2121
8.2023
8.2052
8.2052
8.2085
8.2013
8.2039
8.2039
8.2056
8.1988
8.2009
8.2009
8.1947
8.1988
8.1988
8.1988
8.2056
8.2023
8.2023
8.1999
8.2051
8.2015
8.2015
8.199
8.1994
8.1994
8.1996
8.197
8.1971
8.1971
8.1982
8.1922
8.1963
8.1963
8.1978
8.1913
8.1926
8.1926
8.1927
8.1837
8.1845
8.1845
8.185
8.1732
8.1733
8.1733
8.1754
8.1651
8.1721
8.1721
8.1746
8.1734
8.1734
8.1733
8.1868
8.1775
8.1775
8.1808
8.1774
8.1774
8.178
8.1737
8.174
8.174
8.1738
8.1764
8.1754
8.1755
8.1754
8.1897
8.1884
8.1884
8.1898
8.184
8.1876
8.1876
8.188
8.1825
8.1843
8.1843
8.1824
8.1844
8.1842
8.1842
8.1842
8.1871
8.1866
8.1867
8.1861
8.2001
8.1959
8.1959
8.1961
8.1908
8.193
8.193
8.2031
8.2007
8.2007
8.2018
8.1972
8.1987
8.1987
8.1972
8.1997
8.1978
8.1978
8.199
8.193
8.1929
8.1982
8.1872
8.1912
8.1912
8.1912
8.1893
8.1895
8.1894
8.1906
8.1852
8.1891
8.1891
8.1867
8.2027
8.2007
8.2007
8.2022
8.1944
8.1947
8.1947
8.1937
8.1966
8.1964
8.1964
8.1962
8.2001
8.1999
8.1999
8.2038
8.1986
8.1991
8.1991
8.1973
8.2036
8.2017
8.2017
8.2028
8.1974
8.1974
8.1973
8.2021
8.201
8.201
8.2019
8.1911
8.1941
8.1941
8.193
8.195
8.1942
8.1942
8.1937
8.1977
8.1974
8.1973
8.1962
8.1987
8.1982
8.1982
8.1982
8.1884
8.1912
8.1912
8.1898
8.1964
8.1952
8.1952
8.1943
8.1958
8.1957
8.1957
8.192
8.198
8.1961
8.1961
8.195
8.2017
8.2017
8.2017
8.2055
8.202
8.202
8.2026
8.1981
8.1991
8.1991
8.1995
8.1893
8.1936
8.1934
8.194
8.1877
8.19
8.19
8.1925
8.1925
8.2015
8.1909
8.191
8.191
8.1895
8.2
8.1909
8.1909
8.1919
8.1891
8.1903
8.1903
8.1906
8.1866
8.1886
8.1886
8.1918
8.1879
8.1884
8.1884
8.1884
8.1853
8.1865
8.1865
8.1864
8.1895
8.189
8.189
8.189
8.1798
8.1856
8.1856
8.1833
8.187
8.1846
8.1846
8.1828
8.1874
8.1864
8.1862
8.183
8.1903
8.1903
8.1884
8.1975
8.1976
8.2041
8.1938
8.194
8.194
8.1938
8.2029
8.2016
8.2017
8.2049
8.1982
8.1987
8.1987
8.2004
8.1888
8.1963
8.1963
8.1974
8.189
8.1933
8.1933
8.193
8.1977
8.1943
8.1943
8.197
8.1936
8.1964
8.1964
8.1935
8.1996
8.1996
8.1996
8.205
8.2027
8.2027
8.2055
8.1968
8.1972
8.1973
8.1974
8.1942
8.1964
8.1964
8.1936
8.1941
8.1941
8.1932
8.1977
8.1975
8.1975
8.1964
8.2022
8.2022
8.2033
8.1999
8.1999
8.2001
8.1992
8.2031
8.203
8.203
8.203
8.21
8.2062
8.2062
8.2062
8.2111
8.2092
8.2092
8.2092
8.2061
8.2092
8.2092
8.2067
8.2102
8.2097
8.2097
8.2077
8.2123
8.2094
8.2094
8.2108
8.2092
8.2097
8.2097
8.2092
8.2118
8.2102
8.2102
8.2112
8.2025
8.2029
8.2029
8.1924
8.2045
8.197
8.1969
8.1955
8.1988
8.1969
8.1967
8.1961
8.2077
8.2077
8.208
8.2023
8.2058
8.2059
8.2102
8.2026
8.2032
8.2032
8.2036
8.1973
8.1973
8.1971
8.2081
8.2077
8.2077
8.2081
8.2045
8.2052
8.2052
8.2023
8.2076
8.2076
8.2111
8.2019
8.2019
8.1988
8.2049
8.2034
8.2033
8.2023
8.208
8.2058
8.2058
8.2068
8.2026
8.2059
8.206
8.207
8.2033
8.2052
8.2052
8.2065
8.201
8.2022
8.2022
8.205
8.1998
8.2038
8.2038
8.2054
8.1977
8.2019
8.2019
8.2021
8.1924
8.1939
8.1939
8.2009
8.1976
8.1976
8.1964
8.2032
8.2016
8.2015
8.2002
8.2027
8.2022
8.2022
8.2026
8.202
8.202
8.202
8.206
8.2011
8.2037
8.2037
8.2033
8.2079
8.2077
8.2077
8.2074
8.2111
8.2107
8.2107
8.2087
8.2143
8.2112
8.2112
8.2117
8.2086
8.2098
8.2098
8.2099
8.2075
8.2077
8.2077
8.2129
8.2069
8.2069
8.206
8.2091
8.2062
8.2062
8.2063
8.1971
8.1975
8.1975
8.1955
8.2002
8.1988
8.1988
8.1987
8.2068
8.2027
8.2027
8.2023
8.207
8.2051
8.2053
8.2051
8.2086
8.2086
8.2086
8.2114
8.2074
8.2101
8.2103
8.2009
8.2038
8.2038
8.203
8.2053
8.2046
8.2046
8.2059
8.2021
8.205
8.205
8.2075
8.2015
8.2033
8.2033
8.2026
8.2108
8.2092
8.2092
8.2073
8.2119
8.2115
8.2115
8.2079
8.2124
8.2122
8.2122
8.2099
8.2123
8.2111
8.2111
8.2105
8.2118
8.2113
8.2113
8.2115
8.208
8.2101
8.2101
8.2097
8.2121
8.2113
8.2113
8.2116
8.2098
8.21
8.21
8.208
8.2112
8.2089
8.2089
8.2102
8.208
8.208
8.2079
8.2113
8.2109
8.2109
8.212
8.2083
8.2095
8.2095
8.2084
8.2123
8.2114
8.2114
8.2128
8.2093
8.2114
8.2114
8.2113
8.2137
8.2128
8.2128
8.2133
8.2105
8.2132
8.2129
8.2141
8.2099
8.2113
8.2122
8.209
8.21
8.2102
8.2107
8.209
8.2101
8.2114
8.209
8.2171
8.2169
8.2169
8.2182
8.2109
8.2111
8.2111
8.2093
8.2123
8.2115
8.2115
8.2122
8.2102
8.2116
8.2115
8.2134
8.2082
8.2101
8.2099
8.2124
8.2076
8.2115
8.2115
8.214
8.2108
8.2119
8.2119
8.2128
8.2103
8.2122
8.2122
8.2123
8.2098
8.2111
8.2111
8.21
8.2123
8.2104
8.2104
8.209
8.2123
8.212
8.2121
8.2135
8.2108
8.2134
8.2134
8.2108
8.212
8.212
8.2131
8.2103
8.2116
8.2116
8.2108
8.2134
8.2123
8.2123
8.2146
8.2117
8.2146
8.2128
8.2135
8.2109
8.2124
8.212
8.2134
8.2049
8.2059
8.2057
8.2125
8.2043
8.2083
8.2083
8.2092
8.2026
8.2054
8.2054
8.2096
8.2015
8.2046
8.2052
8.209
8.2046
8.205
8.205
8.2084
8.1981
8.2035
8.2035
8.2076
8.2007
8.2041
8.2041
8.2076
8.2033
8.2036
8.2036
8.205
8.2033
8.2039
8.2039
8.2026
8.2078
8.2077
8.2077
8.2074
8.2085
8.2076
8.2076
8.2083
8.207
8.2077
8.2077
8.2084
8.2036
8.2058
8.2058
8.2034
8.208
8.2079
8.2036
8.203
8.2126
8.2125
8.2125
8.2154
8.2117
8.2129
8.2126
8.2115
8.2166
8.2133
8.2133
8.201
8.2048
8.2048
8.2087
8.2017
8.2022
8.2022
8.2029
8.1969
8.198
8.198
8.1965
8.2045
8.1986
8.1983
8.1994
8.1977
8.1978
8.1978
8.1977
8.2053
8.204
8.2038
8.2041
8.2008
8.2018
8.2017
8.2014
8.2036
8.2018
8.2018
8.2032
8.2006
8.2014
8.2016
8.2014
8.2032
8.202
8.2021
8.2032
8.1973
8.1975
8.1973
8.1979
8.1943
8.196
8.196
8.194
8.1964
8.1953
8.1953
8.1941
8.1976
8.1976
8.1937
8.2012
8.1974
8.1974
8.1986
8.1932
8.1938
8.1938
8.1952
8.1926
8.1938
8.1938
8.1928
8.2016
8.2016
8.2023
8.1953
8.1976
8.1976
8.1998
8.1994
8.1989
8.1985
8.2119
8.2085
8.2085
8.2152
8.2069
8.2111
8.2111
8.2159
8.2058
8.2113
8.2113
8.2069
8.2121
8.207
8.207
8.2068
8.2122
8.2121
8.2124
8.2028
8.2136
8.2115
8.2115
8.2003
8.2159
8.2099
8.2099
8.2116
8.2069
8.2091
8.2104
8.1988
8.1998
8.1998
8.2011
8.1967
8.2
8.1998
8.1989
8.2012
8.2011
8.2011
8.1982
8.1997
8.1998
8.2019
8.1983
8.1983
8.2011
8.1995
8.1967
8.2013
8.2
8.2001
8.1924
8.2093
8.2093
8.2104
8.202
8.2078
8.2078
8.2022
8.2045
8.2045
8.1975
8.2078
8.2041
8.2041
8.2017
8.2122
8.2093
8.2081
8.214
8.2054
8.2112
8.2112
8.201
8.2153
8.2145
8.2143
8.2146
8.2001
8.208
8.208
8.1996
8.2141
8.2006
8.2006
8.1987
8.2072
8.2031
8.2035
8.2046
8.2003
8.2006
8.2005
8.2009
8.1998
8.2006
8.2002
8.1993
8.2086
8.2016
8.2016
8.2074
8.1993
8.203
8.203
8.2036
8.2015
8.2022
8.2026
8.2016
8.2042
8.203
8.2029
8.2054
8.202
8.2027
8.2026
8.2015
8.2053
8.203
8.203
8.2032
8.2012
8.2023
8.2023
8.2036
8.2018
8.2028
