30.029
30.031
30.02
30.022
30.022
30.037
30.033
30.033
30.037
30.012
30.025
30.025
30.017
30.026
30.026
30.026
30.024
30.033
30.031
30.029
30.033
30.029
30.032
30.032
30.026
30.037
30.037
30.035
30.042
30.036
30.036
30.035
30.04
30.04
30.04
30.047
30.044
30.044
30.047
30.047
30.047
30.05
30.05
30.05
30.046
30.051
30.051
30.051
30.045
30.045
30.045
30.046
30.041
30.046
30.046
30.051
30.039
30.039
30.05
30.046
30.046
30.046
30.043
30.043
30.048
30.05
30.05
30.05
30.053
30.053
30.053
30.05
30.051
30.051
30.05
30.056
30.056
30.058
30.056
30.056
30.058
30.058
30.058
30.053
30.06
30.06
30.06
30.067
30.056
30.056
30.056
30.06
30.059
30.059
30.061
30.061
30.061
30.061
30.062
30.061
30.061
30.062
30.062
30.062
30.056
30.056
30.056
30.055
30.055
30.055
30.051
30.057
30.055
30.055
30.055
30.052
30.054
30.054
30.054
30.054
30.054
30.054
30.054
30.054
30.052
30.052
30.052
30.056
30.055
30.055
30.052
30.052
30.052
30.051
30.055
30.054
30.054
30.054
30.051
30.054
30.054
30.053
30.054
30.054
30.054
30.053
30.053
30.053
30.052
30.053
30.053
30.05
30.052
30.052
30.047
30.049
30.049
30.044
30.047
30.047
30.048
30.042
30.043
30.043
30.039
30.041
30.041
30.04
30.042
30.041
30.041
30.039
30.04
30.04
30.041
30.04
30.04
30.04
30.035
30.035
30.039
30.035
30.039
30.039
30.038
30.038
30.038
30.038
30.038
30.038
30.04
30.038
30.04
30.04
30.038
30.038
30.038
30.038
30.039
30.039
30.039
30.039
30.039
30.035
30.041
30.039
30.039
30.039
30.039
30.04
30.04
30.04
30.039
30.04
30.039
30.04
30.039
30.04
30.04
30.039
30.04
30.036
30.031
30.033
30.033
30.03
30.03
30.03
30.03
30.045
30.04
30.04
30.039
30.04
30.04
30.033
30.033
30.033
30.033
30.033
30.03
30.035
30.035
30.035
30.034
30.045
30.04
30.04
30.036
30.04
30.04
30.04
30.04
30.039
30.047
30.047
30.047
30.039
30.04
30.04
30.039
30.04
30.039
30.04
30.039
30.04
30.04
30.032
30.035
30.035
30.04
30.035
30.04
30.04
30.041
30.039
30.04
30.04
30.039
30.04
30.04
30.039
30.04
30.04
30.039
30.04
30.04
30.039
30.04
30.039
30.04
30.039
30.04
30.04
30.039
30.04
30.04
30.039
30.04
30.04
30.039
30.04
30.04
30.039
30.04
30.04
30.039
30.04
30.04
30.039
30.04
30.039
30.04
30.039
30.04
30.04
30.039
30.04
30.04
30.039
30.04
30.04
30.039
30.04
30.039
30.04
30.039
30.04
30.04
30.039
30.039
30.039
30.043
30.043
30.05
30.049
30.049
30.048
30.048
30.048
30.049
30.043
30.043
30.043
30.043
30.043
30.039
30.039
30.039
30.043
30.043
30.043
30.044
30.041
30.041
30.041
30.046
30.044
30.044
30.044
30.044
30.048
30.044
30.044
30.044
30.044
30.044
30.047
30.047
30.047
30.05
30.05
30.05
30.049
30.051
30.051
30.047
30.048
30.049
30.048
30.048
30.048
30.048
30.048
30.053
30.053
30.053
30.051
30.053
30.053
30.052
30.054
30.053
30.053
30.051
30.053
30.052
30.053
30.051
30.053
30.053
30.054
30.051
30.052
30.052
30.051
30.051
30.051
30.051
30.053
30.052
30.052
30.053
30.053
30.053
30.052
30.053
30.053
30.049
30.05
30.05
30.049
30.049
30.049
30.048
30.05
30.05
30.05
30.049
30.053
30.052
30.052
30.054
30.054
30.054
30.052
30.052
30.052
30.053
30.052
30.053
30.052
30.055
30.055
30.055
30.055
30.053
30.054
30.055
30.057
30.053
30.054
30.056
30.054
30.057
30.055
30.055
30.057
30.054
30.054
