2475.0
2477.5
2480.0
2477.5
2480.0
2480.0
2480.0
2480.0
2478.5
2477.0
2479.5
2476.75
2474.0
2476.5
2477.75
2479.0
2477.75
2479.0
2476.0
2473.0
2475.5
2476.75
2480.5
2477.5
2478.0
2479.5
2478.75
2476.5
2478.5
2478.0
2478.0
2475.5
2476.0
2480.5
2477.5
2478.0
2477.5
2483.0
2480.0
2480.0
2481.0
2481.0
2481.5
2482.0
2479.5
2479.0
2477.5
2480.0
2480.0
2480.0
2480.0
2480.0
2477.5
2477.5
2478.75
2480.0
2478.75
2480.0
2480.0
2482.5
2478.75
2475.0
2480.0
2480.0
2484.0
2478.0
2478.0
2477.0
2476.0
2478.5
2477.5
2478.25
2481.5
2480.75
2478.5
2478.25
2477.5
2478.75
2482.5
2483.75
2485.0
2483.75
2485.0
2481.25
2477.5
2478.75
2480.0
2478.75
2480.0
