538.442
538.5747
538.6852
538.5747
538.6852
538.641
538.5967
538.5967
538.7074
538.818
538.7074
538.818
538.7958
538.7515
538.7737
538.7958
538.7737
538.7958
538.7515
538.7294
538.4423
538.1549
538.0005
537.8459
537.7371
538.9801
538.9301
538.91
538.76
538.9801
538.89
538.91
539.02
538.76
538.84
538.865
538.89
538.62
538.76
538.7351
538.9301
538.58
538.67
538.715
538.62
538.84
538.7999
538.7101
539.02
538.9801
538.9551
538.84
539.11
539.0599
539.02
539.15
538.9301
539.0599
538.995
538.8
539.28
539.11
539.085
539.2401
538.67
538.76
538.7351
538.89
538.4901
538.67
538.625
538.58
538.89
538.67
538.625
538.7101
538.3199
538.4901
538.515
538.58
537.8046
537.8496
537.8596
537.8296
537.9596
537.8696
537.8922
537.6938
538.36
538.27
538.295
538.4
538.14
538.27
538.2501
538.14
538.4
538.2301
538.295
538.4
538.1
538.1801
538.16
538.1
538.3199
538.1801
538.225
538.1801
538.4
538.36
538.27
538.54
538.3199
538.405
538.4901
538.27
538.4
538.425
538.36
538.58
538.5599
538.36
538.67
538.67
538.605
538.7101
538.4901
538.58
538.6
538.54
538.84
538.76
538.7151
538.8
538.58
538.67
538.6901
538.7101
538.27
538.4
538.4451
538.4
538.58
538.535
538.4901
538.67
538.27
538.405
538.54
538.1801
538.4
538.38
538.4501
538.1801
538.3199
538.2949
538.4
537.6637
537.7086
537.7186
537.5986
538.27
538.2301
538.25
538.14
538.4
538.27
538.2501
538.1
538.4
538.3199
538.275
538.36
538.05
538.1151
538.1801
537.88
538.1
538.0549
538.01
538.27
538.1801
538.2051
538.2301
537.39
537.66
537.5701
537.7401
537.35
537.4801
537.4601
537.53
536.9601
537.3099
537.2849
537.39
537.04
537.0651
536.9601
537.3099
537.265
537.35
537.13
537.1801
537.22
537.35
537.13
537.35
537.33
537.35
537.0001
537.13
537.175
537.09
537.26
537.13
537.155
537.13
537.53
537.4801
537.4601
537.35
537.61
537.39
537.415
537.53
537.2201
537.39
537.37
537.4401
536.6211
536.7311
536.7186
536.6411
536.7761
536.7511
536.7411
536.686
537.4801
537.1801
537.135
537.26
536.9601
537.04
537.0201
537.26
536.9601
537.04
537.1101
537.04
537.39
537.3099
537.265
537.35
537.0001
537.09
537.11
537.1801
536.91
537.09
537.11
537.13
536.78
536.9601
536.9801
537.0001
536.26
536.39
536.365
536.39
535.9501
536.17
536.1901
536.04
536.34
536.3
536.3201
536.17
536.4301
536.39
536.365
536.4301
536.17
536.34
536.385
536.3
536.5599
536.52
536.4751
536.52
535.91
535.9501
535.995
536.04
535.39
535.4701
535.4501
535.65
535.34
535.34
535.365
535.52
535.0001
535.39
535.365
535.4701
535.04
535.08
535.125
535.2101
534.4404
534.5255
534.5154
534.3954
534.5504
534.5255
534.5479
534.5054
535.4301
535.17
535.215
535.13
535.34
535.2999
535.17
535.4301
535.4301
535.345
535.26
535.7301
535.65
535.67
535.78
535.39
535.6
535.5599
535.6901
535.4301
535.6
535.535
535.6
535.34
535.4301
535.4501
535.39
535.6901
535.52
535.5601
535.4301
535.78
535.7301
535.755
535.65
537.1249
537.04
537.06
537.1249
536.9949
537.06
537.05
537.105
535.6901
536.0001
536.02
536.13
535.87
535.9501
535.995
535.91
536.26
536.2101
536.1901
536.13
536.34
536.17
536.235
536.34
536.13
536.2101
536.1901
536.04
536.3
536.26
536.2151
536.08
536.39
536.325
536.26
536.5599
536.4301
536.385
536.4301
535.6692
535.8242
535.8442
535.7991
536.9601
536.87
536.85
536.78
537.1801
537.13
537.11
537.1801
536.78
536.9601
536.9801
537.1801
536.83
536.9601
536.9351
536.6901
537.09
537.0001
536.9351
537.09
536.78
537.04
537.0201
537.1801
536.91
536.9601
536.915
537.09
536.78
536.9601
536.9351
537.92
536.39
537.88
537.855
538.1
537.04
536.9751
537.2201
536.61
536.5649
536.91
536.08
536.4301
536.385
536.4801
535.4701
535.87
535.89
535.6
536.13
536.08
536.105
536.04
537.04
537.0201
536.6901
537.2201
537.0001
537.02
537.1801
536.6901
536.7401
536.7151
536.87
536.34
536.4301
536.41
536.26
537.04
536.91
536.89
537.04
535.8878
535.9978
535.9878
535.7328
536.52
536.26
536.2151
536.39
535.7301
535.78
535.8651
535.6901
536.04
535.87
535.91
536.08
535.4301
535.6
535.5599
535.34
535.78
535.7301
535.755
535.78
534.78
535.13
535.04
535.17
534.35
534.61
534.5649
534.4301
535.08
535.08
535.04
535.08
534.5599
534.91
534.865
534.6901
535.4301
535.2101
535.3201
535.4301
535.17
535.34
535.2999
535.34
534.91
534.91
534.89
535.0001
534.61
534.6901
534.65
534.6901
533.78
533.78
533.8251
534.0001
533.4801
533.7001
533.7201
533.7401
533.3099
533.35
533.415
533.35
533.7401
533.65
533.61
533.5699
533.87
533.65
533.63
533.7001
533.1801
533.35
533.33
533.4449
532.8031
532.9581
532.9256
532.8931
534.13
534.09
534.11
534.2201
533.61
533.7001
533.74
533.7001
534.04
533.9751
533.83
534.17
534.0001
533.9551
534.09
533.52
533.5651
533.61
533.14
533.1801
533.2001
533.26
532.9601
533.005
533.14
532.92
533.01
532.9651
532.53
532.7001
532.765
532.7001
533.05
532.9601
533.005
532.9601
533.2201
533.1801
533.16
532.92
533.35
533.33
532.92
532.9601
532.92
532.88
533.2201
533.1801
533.05
533.4401
533.395
533.3099
533.65
533.4801
533.5
533.4401
533.7001
533.61
533.59
533.61
532.88
532.9601
532.9401
532.1149
532.1599
532.1474
532.1799
532.0299
532.0499
532.0624
532.0499
532.7001
532.58
532.5549
532.4501
532.62
532.62
532.575
532.62
531.9301
532.15
532.125
532.1901
531.5001
531.67
531.63
531.54
531.84
531.76
531.7151
531.8
531.5001
531.67
531.715
531.8
531.67
531.76
531.7401
531.63
531.89
531.84
531.865
531.9701
531.7201
531.76
531.7151
531.63
531.89
531.8
531.7601
531.4601
531.5001
531.4801
531.4601
531.7201
531.67
531.65
531.7201
531.54
531.63
531.65
531.67
531.37
531.5001
531.52
531.63
531.33
531.37
531.35
531.4601
531.16
531.115
530.6901
530.77
530.7501
530.6
530.9
530.8199
530.755
530.77
530.65
530.6901
530.755
530.86
530.0787
530.1837
530.1736
530.2487
530.0787
530.1636
530.1411
530.1187
530.9501
530.9
530.925
530.86
531.2001
531.2001
531.1801
531.2001
530.9901
531.03
531.05
530.9501
531.12
531.12
531.075
531.12
530.9501
531.03
531.0101
530.9
531.12
531.0699
531.095
531.16
530.9501
531.0699
531.095
531.03
531.33
531.33
531.285
531.2401
531.54
531.4601
531.525
531.59
531.33
531.42
531.395
531.42
531.2001
531.29
531.3101
531.33
530.86
530.86
530.84
530.9501
530.7301
530.9
530.88
530.77
530.9901
530.9901
530.9451
530.86
531.16
531.0699
531.095
531.03
531.29
531.2401
531.2201
531.2001
531.5001
531.4601
531.5
531.59
531.33
531.42
531.395
530.6746
530.7195
530.7095
530.6746
531.4601
531.42
531.375
531.42
531.2401
531.33
531.3099
531.33
531.03
531.2001
531.16
531.12
531.33
531.29
531.2651
531.16
531.37
531.29
531.2651
531.2401
531.42
531.33
531.375
531.29
531.67
531.42
531.4401
531.37
531.7201
531.67
531.65
531.67
531.5001
531.59
531.545
531.5001
531.63
531.63
531.61
531.4601
531.63
531.63
531.61
531.54
531.67
531.59
531.5649
531.54
531.67
531.59
531.63
531.67
531.5001
531.59
531.61
531.63
531.5001
531.59
531.5649
531.54
531.63
531.59
531.61
531.63
531.5001
531.59
531.545
531.63
531.4601
531.59
531.545
531.63
530.9103
530.9352
530.9453
530.9103
530.9753
530.9553
530.9453
530.9103
531.63
531.59
531.61
531.63
531.5001
531.63
531.61
531.67
531.54
531.59
531.61
531.67
531.54
531.59
531.61
531.63
531.54
531.63
531.61
531.63
531.33
531.37
531.395
531.2001
531.4601
531.37
531.395
531.42
531.2001
531.29
531.3101
531.42
531.2001
531.2401
531.265
531.2001
531.42
531.33
531.3099
531.2001
531.42
531.37
531.35
531.4601
531.2001
531.2401
531.2001
531.33
531.03
531.0751
531.03
531.29
531.16
531.14
531.12
531.37
531.33
531.3099
531.42
531.2001
531.29
531.3101
531.42
531.2001
531.37
531.395
531.4601
531.2401
531.33
531.3099
531.33
531.16
531.2401
531.265
531.33
530.601
530.646
530.6335
530.666
530.581
530.621
530.5891
531.42
531.33
531.35
531.29
531.42
531.37
531.35
531.29
531.4601
531.42
531.395
531.4601
531.2401
531.29
531.3101
531.2401
531.42
531.37
531.35
531.37
531.2001
531.2401
531.265
531.2401
531.37
531.33
531.285
531.2001
531.42
531.37
531.35
531.37
531.16
531.2001
531.2201
531.12
531.37
531.16
531.14
531.12
531.29
531.2001
531.16
531.12
531.37
531.2401
531.265
531.29
531.16
531.2401
531.2201
531.33
531.12
531.2001
531.1801
531.33
531.12
531.29
531.2451
531.12
531.33
531.29
531.2251
531.29
531.03
531.115
531.16
531.0699
531.29
531.16
531.1492
530.4105
530.4304
530.4404
531.12
530.4288
531.03
531.0751
531.03
531.33
531.2001
531.16
531.2401
531.0699
531.2001
531.16
531.2001
531.12
531.12
531.1801
531.12
531.37
531.2401
531.2001
531.16
531.37
531.33
531.375
531.42
531.2001
531.29
531.2651
531.33
531.16
531.2001
531.1801
531.29
531.0699
531.12
531.095
530.9901
531.29
531.16
531.1801
531.33
531.0699
531.16
531.14
530.9901
531.2001
531.16
531.1801
531.0699
531.33
531.2001
531.2201
531.33
531.0699
531.12
531.14
531.2401
530.9501
530.9901
531.01
530.77
531.2001
530.9
530.9451
531.16
530.7301
530.8199
530.84
531.0699
530.7301
530.8199
